{
	"version": "0.7", 
	"id": "", 
	"meshes": [], 
	"materials": [], 
	"nodes": [
		{
			"id": "Bip001", 
			"skeleton": false, 
			"transform": [ 0.000000, -0.995937,  0.090050,  0.000000,  1.000000,  0.000000, -0.000001,  0.000000,  0.000001,  0.090050,  0.995937,  0.000000,  0.000000,  154.490250, -100.981346,  1.000000], 
			"children": [
				{
					"id": "Bip001 Pelvis", 
					"skeleton": false, 
					"transform": [ 0.000000,  0.000000,  1.000000,  0.000000,  1.000000,  0.000001, -0.000000,  0.000000, -0.000001,  1.000000,  0.000000,  0.000000,  0.000000,  0.000000,  0.000000,  1.000000], 
					"children": [
						{
							"id": "Bip001 Spine", 
							"skeleton": false, 
							"transform": [ 0.995166, -0.098206, -0.000684,  0.000000,  0.098206,  0.995166,  0.000010,  0.000000,  0.000680, -0.000077,  1.000000,  0.000000,  35.315407, -0.009171,  0.000049,  1.000000], 
							"children": [
								{
									"id": "Bip001 Spine1", 
									"skeleton": false, 
									"transform": [ 0.877457,  0.479656, -0.000508,  0.000000, -0.479655,  0.877457,  0.000258,  0.000000,  0.000570,  0.000018,  1.000000,  0.000000,  11.574171, -0.037216, -0.000011,  1.000000], 
									"children": [
										{
											"id": "Bip001 Spine2", 
											"skeleton": false, 
											"transform": [ 0.979361,  0.202116,  0.000899,  0.000000, -0.202116,  0.979362,  0.000592,  0.000000, -0.000761, -0.000761,  0.999999,  0.000000,  53.239037, -0.041946, -0.000025,  1.000000], 
											"children": [
												{
													"id": "Bip001 Neck", 
													"skeleton": false, 
													"transform": [-0.268086, -0.963395, -0.000779,  0.000000,  0.963395, -0.268086, -0.000126,  0.000000, -0.000088, -0.000784,  1.000000,  0.000000,  73.559746, -24.685318, -0.000124,  1.000000], 
													"children": [
														{
															"id": "Bip001 Neck1", 
															"skeleton": false, 
															"transform": [ 0.980833, -0.194851,  0.000693,  0.000000,  0.194850,  0.980833,  0.000444,  0.000000, -0.000766, -0.000301,  1.000000,  0.000000,  51.735535, -0.033211, -0.000015,  1.000000], 
															"children": [
																{
																	"id": "Bip001 Neck2", 
																	"skeleton": false, 
																	"transform": [ 0.986503,  0.163739,  0.001018,  0.000000, -0.163740,  0.986504,  0.000328,  0.000000, -0.000951, -0.000490,  0.999999,  0.000000,  42.533188, -0.036865, -0.000012,  1.000000], 
																	"children": [
																		{
																			"id": "Bip001 Neck3", 
																			"skeleton": false, 
																			"transform": [ 0.789585,  0.613641,  0.000786,  0.000000, -0.613641,  0.789585, -0.000061,  0.000000, -0.000658, -0.000434,  1.000000,  0.000000,  46.922638, -0.034645,  0.000003,  1.000000], 
																			"children": [
																				{
																					"id": "Bip001 Neck4", 
																					"skeleton": false, 
																					"transform": [ 0.781693,  0.623663, -0.000038,  0.000000, -0.623663,  0.781693, -0.000007,  0.000000,  0.000025,  0.000029,  1.000000,  0.000000,  55.138565, -0.041153,  0.000000,  1.000000], 
																					"children": [
																						{
																							"id": "Bip001 Head", 
																							"skeleton": false, 
																							"transform": [ 0.893600,  0.431368,  0.124100,  0.000000, -0.418608,  0.900669, -0.116458,  0.000000, -0.162009,  0.052118,  0.985412,  0.000000,  66.134460,  0.000000, -0.000000,  1.000000], 
																							"children": [
																								{
																									"id": "Bone001", 
																									"skeleton": false, 
																									"transform": [ 0.948465,  0.316375,  0.017887,  0.000000,  0.316807, -0.945519, -0.075014,  0.000000, -0.006821,  0.076815, -0.997022,  0.000000,  52.046227,  36.381012,  2.447540,  1.000000]
																								}, 
																								{
																									"id": "Bone035", 
																									"skeleton": false, 
																									"transform": [ 0.937675,  0.346332,  0.028609,  0.000000,  0.347501, -0.933839, -0.084781,  0.000000, -0.002646,  0.089439, -0.995989,  0.000000,  26.271408,  14.420044,  3.238007,  1.000000]
																								}, 
																								{
																									"id": "Bone037", 
																									"skeleton": false, 
																									"transform": [ 0.000537, -0.026688,  0.322025,  0.000000, -0.665427, -0.744003, -0.060549,  0.000000,  0.746461, -0.663052, -0.056196,  0.000000,  69.026756,  0.011078,  15.387787,  1.000000]
																								}, 
																								{
																									"id": "Bone036", 
																									"skeleton": false, 
																									"transform": [ 0.000537, -0.026688,  0.322025,  0.000000, -0.665427, -0.744004, -0.060549,  0.000000,  0.746461, -0.663052, -0.056196,  0.000000,  68.959587,  3.342163, -24.807533,  1.000000]
																								}
																							]
																						}
																					]
																				}
																			]
																		}
																	]
																}
															]
														}, 
														{
															"id": "Bip001 L Clavicle", 
															"skeleton": false, 
															"transform": [-0.005769, -0.189226,  0.981917,  0.000000,  0.962036,  0.266887,  0.057084,  0.000000, -0.272863,  0.944968,  0.180503,  0.000000, -13.755447, -4.768112,  33.773499,  1.000000], 
															"children": [
																{
																	"id": "Bip001 L UpperArm", 
																	"skeleton": false, 
																	"transform": [-0.160569, -0.818349,  0.551835,  0.000000,  0.158929, -0.573231, -0.803833,  0.000000,  0.974145, -0.041368,  0.222103,  0.000000,  48.508053, -0.000015,  0.000004,  1.000000], 
																	"children": [
																		{
																			"id": "Bip001 L Forearm", 
																			"skeleton": false, 
																			"transform": [ 0.736507, -0.676430,  0.000000,  0.000000,  0.676430,  0.736507,  0.000000,  0.000000,  0.000000,  0.000000,  1.000000,  0.000000,  71.447166, -0.000008, -0.000008,  1.000000], 
																			"children": [
																				{
																					"id": "Bip001 L Hand", 
																					"skeleton": false, 
																					"transform": [ 0.647180, -0.753854,  0.113414,  0.000000,  0.722799,  0.654075,  0.223041,  0.000000, -0.242322, -0.062372,  0.968189,  0.000000,  68.989616,  0.000000, -0.000000,  1.000000], 
																					"children": [
																						{
																							"id": "Bip001 L Finger0", 
																							"skeleton": false, 
																							"transform": [ 0.903865,  0.409900,  0.122515,  0.000000, -0.372747,  0.895084, -0.244713,  0.000000, -0.209969,  0.175521,  0.961824,  0.000000,  38.387291, -0.000002,  0.000000,  1.000000]
																						}
																					]
																				}
																			]
																		}
																	]
																}
															]
														}, 
														{
															"id": "Bip001 R Clavicle", 
															"skeleton": false, 
															"transform": [ 0.067903, -0.833895, -0.547730,  0.000000,  0.926105,  0.256889, -0.276292,  0.000000,  0.371105, -0.488494,  0.789718,  0.000000, -13.703003, -4.759674, -33.795895,  1.000000], 
															"children": [
																{
																	"id": "Bip001 R UpperArm", 
																	"skeleton": false, 
																	"transform": [ 0.210509, -0.968244, -0.134871,  0.000000,  0.772432,  0.080179,  0.630017,  0.000000, -0.599196, -0.236803,  0.764781,  0.000000,  48.508041,  0.000000, -0.000008,  1.000000], 
																	"children": [
																		{
																			"id": "Bip001 R Forearm", 
																			"skeleton": false, 
																			"transform": [ 0.529611, -0.848241,  0.000000,  0.000000,  0.848241,  0.529611,  0.000000,  0.000000, -0.000000, -0.000000,  1.000000,  0.000000,  71.447144, -0.000004,  0.000004,  1.000000], 
																			"children": [
																				{
																					"id": "Bip001 R Hand", 
																					"skeleton": false, 
																					"transform": [ 0.308614, -0.937800,  0.159024,  0.000000,  0.932441,  0.331302,  0.144198,  0.000000, -0.187914,  0.103779,  0.976687,  0.000000,  68.989609,  0.000008, -0.000008,  1.000000], 
																					"children": [
																						{
																							"id": "Bip001 R Finger0", 
																							"skeleton": false, 
																							"transform": [ 0.965189,  0.234636, -0.115572,  0.000000, -0.255072,  0.942159, -0.217427,  0.000000,  0.057871,  0.239337,  0.969210,  0.000000,  38.387283,  0.000001,  0.000008,  1.000000]
																						}
																					]
																				}
																			]
																		}
																	]
																}
															]
														}
													]
												}, 
												{
													"id": "Bone045(mirrored)", 
													"skeleton": false, 
													"transform": [-0.649800, -0.413249, -0.637954,  0.000000,  0.100578,  0.785170, -0.611058,  0.000000,  0.753421, -0.461229, -0.468640,  0.000000,  2.160767, -57.481339, -47.128391,  1.000000], 
													"children": [
														{
															"id": "Bone039(mirrored)", 
															"skeleton": false, 
															"transform": [ 0.879092, -0.320104, -0.353173,  0.000000,  0.246558,  0.939497, -0.237814,  0.000000,  0.407930,  0.121983,  0.904828,  0.000000,  57.621658, -0.093903, -0.000011,  1.000000], 
															"children": [
																{
																	"id": "Bone040(mirrored)", 
																	"skeleton": false, 
																	"transform": [ 0.921842, -0.322424,  0.215058,  0.000000,  0.325420,  0.945306,  0.022333,  0.000000, -0.210496,  0.049396,  0.976346,  0.000000,  68.437195, -0.000015, -0.000015,  1.000000], 
																	"children": [
																		{
																			"id": "Bone046(mirrored)", 
																			"skeleton": false, 
																			"transform": [ 0.999232, -0.013956, -0.036613,  0.000000,  0.019567, -0.631827,  0.774863,  0.000000, -0.033947, -0.774984, -0.631068,  0.000000,  65.171387, -0.000114, -0.000057,  1.000000], 
																			"children": [
																				{
																					"id": "Bone047(mirrored)", 
																					"skeleton": false, 
																					"transform": [ 0.995138,  0.011393,  0.097830,  0.000000, -0.001794,  0.995219, -0.097654,  0.000000, -0.098475,  0.097004,  0.990400,  0.000000,  91.194336, -0.000015, -0.000004,  1.000000], 
																					"children": [
																						{
																							"id": "Bone052(mirrored)", 
																							"skeleton": false, 
																							"transform": [-0.813363, -0.521545, -0.257744,  0.000000, -0.003266, -0.438944,  0.898508,  0.000000, -0.581748,  0.731655,  0.355318,  0.000000,  97.336578, -22.929062, -16.008301,  1.000000]
																						}, 
																						{
																							"id": "Bone048(mirrored)", 
																							"skeleton": false, 
																							"transform": [-0.174632, -0.961973, -0.210027,  0.000000, -0.442727,  0.267240, -0.855906,  0.000000,  0.879486, -0.056484, -0.472560,  0.000000,  110.863068,  22.689243,  3.509888,  1.000000], 
																							"children": [
																								{
																									"id": "Bone049(mirrored)", 
																									"skeleton": false, 
																									"transform": [ 0.984824,  0.168076,  0.043263,  0.000000, -0.116528,  0.825092, -0.552852,  0.000000, -0.128617,  0.539420,  0.832156,  0.000000,  137.919464,  0.002838,  0.000000,  1.000000], 
																									"children": [
																										{
																											"id": "Bone050(mirrored)", 
																											"skeleton": false, 
																											"transform": [ 0.943991,  0.308013, -0.118360,  0.000000, -0.315949,  0.947181, -0.054995,  0.000000,  0.095169,  0.089311,  0.991447,  0.000000,  138.908142, -0.000488,  0.000122,  1.000000]
																										}
																									]
																								}
																							]
																						}
																					]
																				}
																			]
																		}
																	]
																}, 
																{
																	"id": "Bone054(mirrored)", 
																	"skeleton": false, 
																	"transform": [-0.263385,  0.516734, -0.814625,  0.000000,  0.234622, -0.784774, -0.573657,  0.000000, -0.935725, -0.342222,  0.085460,  0.000000,  74.381897, -0.627556, -5.115097,  1.000000]
																}
															]
														}
													]
												}, 
												{
													"id": "Bone045", 
													"skeleton": false, 
													"transform": [-0.469733, -0.473418,  0.745135,  0.000000,  0.183268, -0.877956, -0.442273,  0.000000,  0.863576, -0.071191,  0.499167,  0.000000,  3.204247, -56.266312,  44.017639,  1.000000], 
													"children": [
														{
															"id": "Bone039", 
															"skeleton": false, 
															"transform": [ 0.748076,  0.067168, -0.660205,  0.000000, -0.217653,  0.964667, -0.148478,  0.000000,  0.626905,  0.254768,  0.736263,  0.000000,  57.621628,  0.093887,  0.000000,  1.000000], 
															"children": [
																{
																	"id": "Bone040", 
																	"skeleton": false, 
																	"transform": [ 0.956695,  0.169059,  0.236967,  0.000000, -0.201546,  0.972077,  0.120186,  0.000000, -0.210032, -0.162741,  0.964055,  0.000000,  68.437256,  0.000008, -0.000031,  1.000000], 
																	"children": [
																		{
																			"id": "Bone046", 
																			"skeleton": false, 
																			"transform": [ 0.949252,  0.222551,  0.222242,  0.000000,  0.312679, -0.591499, -0.743210,  0.000000, -0.033946,  0.774984, -0.631069,  0.000000,  65.171387,  0.000130, -0.000053,  1.000000], 
																			"children": [
																				{
																					"id": "Bone047", 
																					"skeleton": false, 
																					"transform": [ 0.968760,  0.033168, -0.245771,  0.000000,  0.046663,  0.948936,  0.311998,  0.000000,  0.243570, -0.313720,  0.917744,  0.000000,  91.194366,  0.000010, -0.000000,  1.000000], 
																					"children": [
																						{
																							"id": "Bone052", 
																							"skeleton": false, 
																							"transform": [-0.918456,  0.343666, -0.195784,  0.000000, -0.026844, -0.548023, -0.836032,  0.000000, -0.394610, -0.762603,  0.512561,  0.000000,  97.336609,  22.929058, -16.008270,  1.000000]
																						}, 
																						{
																							"id": "Bone048", 
																							"skeleton": false, 
																							"transform": [-0.304150,  0.761642, -0.572184,  0.000000,  0.470807,  0.642339,  0.604765,  0.000000,  0.828150, -0.085449, -0.553954,  0.000000,  110.863037, -22.689209,  3.509872,  1.000000], 
																							"children": [
																								{
																									"id": "Bone049", 
																									"skeleton": false, 
																									"transform": [ 0.975626, -0.159180, -0.151047,  0.000000,  0.167762,  0.984763,  0.045800,  0.000000,  0.141455, -0.070024,  0.987465,  0.000000,  137.919479, -0.002808,  0.000000,  1.000000], 
																									"children": [
																										{
																											"id": "Bone050", 
																											"skeleton": false, 
																											"transform": [ 0.933252, -0.306640, -0.187120,  0.000000,  0.224999,  0.905038, -0.360945,  0.000000,  0.280031,  0.294751,  0.913622,  0.000000,  138.908066,  0.000519,  0.000000,  1.000000]
																										}
																									]
																								}
																							]
																						}
																					]
																				}
																			]
																		}
																	]
																}, 
																{
																	"id": "Bone054", 
																	"skeleton": false, 
																	"transform": [-0.215741, -0.352751, -0.910507,  0.000000, -0.820544, -0.439969,  0.364878,  0.000000, -0.529306,  0.825830, -0.194529,  0.000000,  74.381927,  0.627510, -5.115097,  1.000000]
																}
															]
														}
													]
												}
											]
										}
									]
								}, 
								{
									"id": "Bip001 L Thigh", 
									"skeleton": false, 
									"transform": [-0.695334,  0.708880,  0.118321,  0.000000,  0.682447,  0.599642,  0.417966,  0.000000,  0.225337,  0.371374, -0.900725,  0.000000, -35.183182, -3.458481,  54.802639,  1.000000], 
									"children": [
										{
											"id": "Bip001 L Calf", 
											"skeleton": false, 
											"transform": [ 0.938363, -0.345652,  0.000000,  0.000000,  0.345652,  0.938363, -0.000000,  0.000000,  0.000000,  0.000000,  1.000000,  0.000000,  68.548309, -0.000015, -0.000015,  1.000000], 
											"children": [
												{
													"id": "Bip001 L HorseLink", 
													"skeleton": false, 
													"transform": [ 0.560357,  0.828252, -0.000000,  0.000000, -0.828252,  0.560356, -0.000000,  0.000000,  0.000000,  0.000000,  1.000000,  0.000000,  57.532166,  0.000000,  0.000000,  1.000000], 
													"children": [
														{
															"id": "Bip001 L Foot", 
															"skeleton": false, 
															"transform": [ 0.940359, -0.105141,  0.323529,  0.000000,  0.080086,  0.992731,  0.089844,  0.000000, -0.330623, -0.058575,  0.941943,  0.000000,  49.186447,  0.000000, -0.000015,  1.000000], 
															"children": [
																{
																	"id": "Bip001 L Toe0", 
																	"skeleton": false, 
																	"transform": [ 0.000000,  1.000000, -0.000000,  0.000000, -1.000000, -0.000000, -0.000000,  0.000000, -0.000000,  0.000000,  1.000000,  0.000000,  16.149719,  30.085220, -0.000008,  1.000000]
																}
															]
														}
													]
												}
											]
										}
									]
								}, 
								{
									"id": "Bip001 R Thigh", 
									"skeleton": false, 
									"transform": [ 0.324567,  0.922967, -0.206852,  0.000000,  0.927045, -0.353815, -0.124104,  0.000000, -0.187731, -0.151481, -0.970469,  0.000000, -35.107971, -3.459686, -54.850773,  1.000000], 
									"children": [
										{
											"id": "Bip001 R Calf", 
											"skeleton": false, 
											"transform": [ 0.072517, -0.997367,  0.000000,  0.000000,  0.997367,  0.072517, -0.000000,  0.000000,  0.000000, -0.000000,  1.000000,  0.000000,  68.548309,  0.000000,  0.000008,  1.000000], 
											"children": [
												{
													"id": "Bip001 R HorseLink", 
													"skeleton": false, 
													"transform": [ 0.337094,  0.941471, -0.000000,  0.000000, -0.941471,  0.337094,  0.000000,  0.000000,  0.000000, -0.000000,  1.000000,  0.000000,  57.532154,  0.000000,  0.000000,  1.000000], 
													"children": [
														{
															"id": "Bip001 R Foot", 
															"skeleton": false, 
															"transform": [ 0.955267, -0.272849, -0.114096,  0.000000,  0.282031,  0.956565,  0.073771,  0.000000,  0.089012, -0.102650,  0.990727,  0.000000,  49.186455,  0.000015, -0.000008,  1.000000], 
															"children": [
																{
																	"id": "Bip001 R Toe0", 
																	"skeleton": false, 
																	"transform": [ 0.000000,  1.000000,  0.000000,  0.000000, -1.000000, -0.000000,  0.000000,  0.000000,  0.000000, -0.000000,  1.000000,  0.000000,  16.149714,  30.085228, -0.000000,  1.000000]
																}
															]
														}
													]
												}
											]
										}
									]
								}
							]
						}
					]
				}, 
				{
					"id": "Bone002", 
					"skeleton": false, 
					"transform": [ 0.605880, -0.379302, -0.699314,  0.000000,  0.785022,  0.142470,  0.602862,  0.000000, -0.129036, -0.914239,  0.384080,  0.000000, -8.079926,  0.000015, -32.554062,  1.000000], 
					"children": [
						{
							"id": "Bone003", 
							"skeleton": false, 
							"transform": [ 0.986257, -0.161939, -0.032747,  0.000000,  0.162040,  0.986784,  0.000431,  0.000000,  0.032245, -0.005731,  0.999464,  0.000000,  61.535995,  0.000000, -0.000002,  1.000000], 
							"children": [
								{
									"id": "Bone004", 
									"skeleton": false, 
									"transform": [ 0.992231, -0.065220, -0.105948,  0.000000,  0.065788,  0.997832,  0.001865,  0.000000,  0.105596, -0.008821,  0.994370,  0.000000,  60.536354, -0.000031,  0.000008,  1.000000], 
									"children": [
										{
											"id": "Bone005", 
											"skeleton": false, 
											"transform": [ 0.980250, -0.048117, -0.191821,  0.000000,  0.049712,  0.998757,  0.003511,  0.000000,  0.191413, -0.012978,  0.981424,  0.000000,  68.017593, -0.000015, -0.000010,  1.000000], 
											"children": [
												{
													"id": "Bone006", 
													"skeleton": false, 
													"transform": [ 0.953506, -0.114822, -0.278641,  0.000000,  0.119155,  0.992874, -0.001393,  0.000000,  0.276816, -0.031874,  0.960394,  0.000000,  86.288803, -0.000137,  0.000008,  1.000000], 
													"children": [
														{
															"id": "Bone007", 
															"skeleton": false, 
															"transform": [ 0.926196, -0.013318, -0.376807,  0.000000,  0.003878,  0.999660, -0.025801,  0.000000,  0.377023,  0.022435,  0.925932,  0.000000,  94.313416, -0.000015,  0.000000,  1.000000], 
															"children": [
																{
																	"id": "Bone008", 
																	"skeleton": false, 
																	"transform": [ 0.917155, -0.034243,  0.397058,  0.000000,  0.026190,  0.999327,  0.025688,  0.000000, -0.397670, -0.013161,  0.917434,  0.000000,  73.354858,  0.000031,  0.000000,  1.000000]
																}
															]
														}
													]
												}
											]
										}
									]
								}
							]
						}
					]
				}
			]
		}
	], 
	"animations": [
		{
			"id": "Take 001", 
			"length":  26.666000, 
			"bones": [
				{
					"boneId": "Bone048", 
					"keyframes": [
						{
							"keytime":  0.000000, 
							"rotation": [ 0.389700,  0.790640,  0.164208,  0.442785], 
							"scale": [ 1.000000,  1.000000,  1.000000], 
							"translation": [ 110.863037, -22.689224,  3.509857]
						}, 
						{
							"keytime":  0.001250, 
							"rotation": [ 0.389629,  0.790605,  0.164220,  0.442905]
						}, 
						{
							"keytime":  0.002500, 
							"rotation": [ 0.389422,  0.790503,  0.164254,  0.443256]
						}, 
						{
							"keytime":  0.003750, 
							"rotation": [ 0.389077,  0.790327,  0.164309,  0.443852]
						}, 
						{
							"keytime":  0.005000, 
							"rotation": [ 0.388626,  0.790088,  0.164376,  0.444647]
						}, 
						{
							"keytime":  0.006250, 
							"rotation": [ 0.388070,  0.789783,  0.164453,  0.445646]
						}, 
						{
							"keytime":  0.007500, 
							"rotation": [ 0.387418,  0.789412,  0.164535,  0.446838]
						}, 
						{
							"keytime":  0.008750, 
							"rotation": [ 0.386656,  0.788962,  0.164621,  0.448259]
						}, 
						{
							"keytime":  0.010000, 
							"rotation": [ 0.385839,  0.788460,  0.164701,  0.449814]
						}, 
						{
							"keytime":  0.011250, 
							"rotation": [ 0.384927,  0.787876,  0.164774,  0.451588]
						}, 
						{
							"keytime":  0.012500, 
							"rotation": [ 0.383984,  0.787246,  0.164832,  0.453465]
						}, 
						{
							"keytime":  0.013750, 
							"rotation": [ 0.382992,  0.786555,  0.164872,  0.455485]
						}, 
						{
							"keytime":  0.015000, 
							"rotation": [ 0.381929,  0.785778,  0.164889,  0.457705]
						}, 
						{
							"keytime":  0.016250, 
							"rotation": [ 0.380868,  0.784964,  0.164878,  0.459985]
						}, 
						{
							"keytime":  0.017500, 
							"rotation": [ 0.379787,  0.784091,  0.164833,  0.462378]
						}, 
						{
							"keytime":  0.018750, 
							"rotation": [ 0.378662,  0.783131,  0.164748,  0.464951]
						}, 
						{
							"keytime":  0.020001, 
							"rotation": [ 0.377569,  0.782142,  0.164621,  0.467542]
						}, 
						{
							"keytime":  0.021251, 
							"rotation": [ 0.376485,  0.781097,  0.164447,  0.470217]
						}, 
						{
							"keytime":  0.022501, 
							"rotation": [ 0.375388,  0.779964,  0.164211,  0.473049]
						}, 
						{
							"keytime":  0.023751, 
							"rotation": [ 0.374352,  0.778810,  0.163923,  0.475863]
						}, 
						{
							"keytime":  0.025001, 
							"rotation": [ 0.373354,  0.777603,  0.163572,  0.478731]
						}, 
						{
							"keytime":  0.026251, 
							"rotation": [ 0.372406,  0.776346,  0.163153,  0.481644]
						}, 
						{
							"keytime":  0.027501, 
							"rotation": [ 0.371492,  0.774999,  0.162645,  0.484682]
						}, 
						{
							"keytime":  0.028751, 
							"rotation": [ 0.370676,  0.773642,  0.162072,  0.487657]
						}, 
						{
							"keytime":  0.030001, 
							"rotation": [ 0.369941,  0.772237,  0.161417,  0.490651]
						}, 
						{
							"keytime":  0.031251, 
							"rotation": [ 0.369280,  0.770741,  0.160649,  0.493743]
						}, 
						{
							"keytime":  0.032501, 
							"rotation": [ 0.368743,  0.769242,  0.159811,  0.496745]
						}, 
						{
							"keytime":  0.033751, 
							"rotation": [ 0.368321,  0.767698,  0.158876,  0.499737]
						}, 
						{
							"keytime":  0.035001, 
							"rotation": [ 0.368018,  0.766061,  0.157807,  0.502803]
						}, 
						{
							"keytime":  0.036251, 
							"rotation": [ 0.367865,  0.764427,  0.156662,  0.505751]
						}, 
						{
							"keytime":  0.037501, 
							"rotation": [ 0.367861,  0.762749,  0.155408,  0.508666]
						}, 
						{
							"keytime":  0.038751, 
							"rotation": [ 0.368026,  0.760975,  0.153996,  0.511625]
						}, 
						{
							"keytime":  0.040001, 
							"rotation": [ 0.368363,  0.759208,  0.152507,  0.514445]
						}, 
						{
							"keytime":  0.041251, 
							"rotation": [ 0.368886,  0.757397,  0.150896,  0.517207]
						}, 
						{
							"keytime":  0.042501, 
							"rotation": [ 0.369633,  0.755484,  0.149106,  0.519983]
						}, 
						{
							"keytime":  0.043751, 
							"rotation": [ 0.370573,  0.753581,  0.147239,  0.522602]
						}, 
						{
							"keytime":  0.045001, 
							"rotation": [ 0.371775,  0.751570,  0.145177,  0.525214]
						}, 
						{
							"keytime":  0.046251, 
							"rotation": [ 0.373181,  0.749569,  0.143041,  0.527656]
						}, 
						{
							"keytime":  0.047501, 
							"rotation": [ 0.374837,  0.747517,  0.140767,  0.530000]
						}, 
						{
							"keytime":  0.048751, 
							"rotation": [ 0.376817,  0.745346,  0.138279,  0.532304]
						}, 
						{
							"keytime":  0.050001, 
							"rotation": [ 0.379016,  0.743182,  0.135720,  0.534423]
						}, 
						{
							"keytime":  0.051251, 
							"rotation": [ 0.381503,  0.740957,  0.133018,  0.536418]
						}, 
						{
							"keytime":  0.052501, 
							"rotation": [ 0.384379,  0.738598,  0.130083,  0.538336]
						}, 
						{
							"keytime":  0.053751, 
							"rotation": [ 0.387486,  0.736237,  0.127085,  0.540054]
						}, 
						{
							"keytime":  0.055001, 
							"rotation": [ 0.390917,  0.733803,  0.123940,  0.541623]
						}, 
						{
							"keytime":  0.056251, 
							"rotation": [ 0.394804,  0.731211,  0.120545,  0.543074]
						}, 
						{
							"keytime":  0.057501, 
							"rotation": [ 0.398929,  0.728608,  0.117099,  0.544311]
						}, 
						{
							"keytime":  0.058751, 
							"rotation": [ 0.403414,  0.725910,  0.113505,  0.545369]
						}, 
						{
							"keytime":  0.060002, 
							"rotation": [ 0.408423,  0.723025,  0.109648,  0.546263]
						}, 
						{
							"keytime":  0.061252, 
							"rotation": [ 0.414409,  0.719885,  0.104916,  0.546831]
						}, 
						{
							"keytime":  0.062502, 
							"rotation": [ 0.422158,  0.716171,  0.098452,  0.546982]
						}, 
						{
							"keytime":  0.063752, 
							"rotation": [ 0.431827,  0.711727,  0.090130,  0.546669]
						}, 
						{
							"keytime":  0.065002, 
							"rotation": [ 0.442690,  0.706794,  0.080585,  0.545870]
						}, 
						{
							"keytime":  0.066252, 
							"rotation": [ 0.454853,  0.701227,  0.069744,  0.544542]
						}, 
						{
							"keytime":  0.067502, 
							"rotation": [ 0.468576,  0.694804,  0.057375,  0.542579]
						}, 
						{
							"keytime":  0.068752, 
							"rotation": [ 0.482891,  0.687884,  0.044363,  0.540059]
						}, 
						{
							"keytime":  0.070002, 
							"rotation": [ 0.498024,  0.680277,  0.030512,  0.536903]
						}, 
						{
							"keytime":  0.071252, 
							"rotation": [ 0.514302,  0.671716,  0.015526,  0.532963]
						}, 
						{
							"keytime":  0.072502, 
							"rotation": [ 0.530605,  0.662714,  0.000444,  0.528459]
						}, 
						{
							"keytime":  0.073752, 
							"rotation": [ 0.547246,  0.653046, -0.015013,  0.523285]
						}, 
						{
							"keytime":  0.075002, 
							"rotation": [ 0.564582,  0.642425, -0.031175,  0.517268]
						}, 
						{
							"keytime":  0.076252, 
							"rotation": [ 0.581441,  0.631520, -0.046942,  0.510789]
						}, 
						{
							"keytime":  0.077502, 
							"rotation": [ 0.598188,  0.620090, -0.062646,  0.503721]
						}, 
						{
							"keytime":  0.078752, 
							"rotation": [ 0.615182,  0.607842, -0.078621,  0.495881]
						}, 
						{
							"keytime":  0.080002, 
							"rotation": [ 0.631291,  0.595587, -0.093797,  0.487801]
						}, 
						{
							"keytime":  0.081252, 
							"rotation": [ 0.646903,  0.583072, -0.108531,  0.479338]
						}, 
						{
							"keytime":  0.082502, 
							"rotation": [ 0.662350,  0.570026, -0.123135,  0.470320]
						}, 
						{
							"keytime":  0.083752, 
							"rotation": [ 0.676624,  0.557344, -0.136650,  0.461383]
						}, 
						{
							"keytime":  0.085002, 
							"rotation": [ 0.690100,  0.544780, -0.149425,  0.452381]
						}, 
						{
							"keytime":  0.086252, 
							"rotation": [ 0.703068,  0.532108, -0.161732,  0.443169]
						}, 
						{
							"keytime":  0.087502, 
							"rotation": [ 0.714694,  0.520229, -0.172775,  0.434423]
						}, 
						{
							"keytime":  0.088752, 
							"rotation": [ 0.725313,  0.508920, -0.182870,  0.426005]
						}, 
						{
							"keytime":  0.090002, 
							"rotation": [ 0.735147,  0.498032, -0.192222,  0.417821]
						}, 
						{
							"keytime":  0.091252, 
							"rotation": [ 0.743569,  0.488369, -0.200234,  0.410497]
						}, 
						{
							"keytime":  0.092502, 
							"rotation": [ 0.750841,  0.479760, -0.207152,  0.403924]
						}, 
						{
							"keytime":  0.093752, 
							"rotation": [ 0.757090,  0.472160, -0.213094,  0.398085]
						}, 
						{
							"keytime":  0.095002, 
							"rotation": [ 0.761902,  0.466172, -0.217665,  0.393460]
						}, 
						{
							"keytime":  0.096252, 
							"rotation": [ 0.765434,  0.461704, -0.221011,  0.389993]
						}, 
						{
							"keytime":  0.097502, 
							"rotation": [ 0.767632,  0.458896, -0.223080,  0.387804]
						}, 
						{
							"keytime":  0.098752, 
							"rotation": [ 0.768431,  0.457877, -0.223807,  0.387005]
						}, 
						{
							"keytime":  0.100002, 
							"rotation": [ 0.767678,  0.458938, -0.223071,  0.387667]
						}, 
						{
							"keytime":  0.101253, 
							"rotation": [ 0.765419,  0.462070, -0.220934,  0.389632]
						}, 
						{
							"keytime":  0.102503, 
							"rotation": [ 0.761592,  0.467292, -0.217341,  0.392911]
						}, 
						{
							"keytime":  0.103753, 
							"rotation": [ 0.756483,  0.474119, -0.212563,  0.397192]
						}, 
						{
							"keytime":  0.105003, 
							"rotation": [ 0.750051,  0.482496, -0.206565,  0.402432]
						}, 
						{
							"keytime":  0.106253, 
							"rotation": [ 0.742090,  0.492550, -0.199158,  0.408696]
						}, 
						{
							"keytime":  0.107503, 
							"rotation": [ 0.733114,  0.503493, -0.190827,  0.415481]
						}, 
						{
							"keytime":  0.108753, 
							"rotation": [ 0.722955,  0.515407, -0.181419,  0.422822]
						}, 
						{
							"keytime":  0.110003, 
							"rotation": [ 0.711307,  0.528495, -0.170654,  0.430827]
						}, 
						{
							"keytime":  0.111253, 
							"rotation": [ 0.698916,  0.541791, -0.159228,  0.438890]
						}, 
						{
							"keytime":  0.112503, 
							"rotation": [ 0.685527,  0.555484, -0.146905,  0.447112]
						}, 
						{
							"keytime":  0.113753, 
							"rotation": [ 0.670774,  0.569815, -0.133351,  0.455621]
						}, 
						{
							"keytime":  0.115003, 
							"rotation": [ 0.655620,  0.583766, -0.119452,  0.463800]
						}, 
						{
							"keytime":  0.116253, 
							"rotation": [ 0.639749,  0.597596, -0.104916,  0.471796]
						}, 
						{
							"keytime":  0.117503, 
							"rotation": [ 0.622773,  0.611561, -0.089387,  0.479746]
						}, 
						{
							"keytime":  0.118753, 
							"rotation": [ 0.605824,  0.624700, -0.073896,  0.487101]
						}, 
						{
							"keytime":  0.120003, 
							"rotation": [ 0.588552,  0.637307, -0.058120,  0.494033]
						}, 
						{
							"keytime":  0.121253, 
							"rotation": [ 0.570581,  0.649629, -0.041708,  0.500680]
						}, 
						{
							"keytime":  0.122503, 
							"rotation": [ 0.553132,  0.660849, -0.025769,  0.506615]
						}, 
						{
							"keytime":  0.123753, 
							"rotation": [ 0.535850,  0.671267, -0.009969,  0.512022]
						}, 
						{
							"keytime":  0.125003, 
							"rotation": [ 0.518402,  0.681101,  0.006006,  0.517035]
						}, 
						{
							"keytime":  0.126253, 
							"rotation": [ 0.502002,  0.689728,  0.021058,  0.521369]
						}, 
						{
							"keytime":  0.127503, 
							"rotation": [ 0.486311,  0.697424,  0.035507,  0.525205]
						}, 
						{
							"keytime":  0.128753, 
							"rotation": [ 0.471084,  0.704362,  0.049596,  0.528672]
						}, 
						{
							"keytime":  0.130003, 
							"rotation": [ 0.457406,  0.710128,  0.062337,  0.531613]
						}, 
						{
							"keytime":  0.131253, 
							"rotation": [ 0.444997,  0.714942,  0.074001,  0.534191]
						}, 
						{
							"keytime":  0.132503, 
							"rotation": [ 0.433732,  0.718913,  0.084727,  0.536528]
						}, 
						{
							"keytime":  0.133753, 
							"rotation": [ 0.424456,  0.721815,  0.093729,  0.538549]
						}, 
						{
							"keytime":  0.135003, 
							"rotation": [ 0.416989,  0.723786,  0.101190,  0.540384]
						}, 
						{
							"keytime":  0.136253, 
							"rotation": [ 0.411367,  0.724840,  0.107109,  0.542137]
						}, 
						{
							"keytime":  0.137503, 
							"rotation": [ 0.408086,  0.724903,  0.110987,  0.543750]
						}, 
						{
							"keytime":  0.138753, 
							"rotation": [ 0.407296,  0.724302,  0.114910,  0.544328]
						}, 
						{
							"keytime":  0.140003, 
							"rotation": [ 0.409135,  0.723321,  0.121049,  0.542920]
						}, 
						{
							"keytime":  0.141253, 
							"rotation": [ 0.413160,  0.722003,  0.128742,  0.539848]
						}, 
						{
							"keytime":  0.142503, 
							"rotation": [ 0.419044,  0.720299,  0.137852,  0.535321]
						}, 
						{
							"keytime":  0.143753, 
							"rotation": [ 0.426682,  0.718120,  0.148410,  0.529358]
						}, 
						{
							"keytime":  0.145003, 
							"rotation": [ 0.435266,  0.715590,  0.159497,  0.522528]
						}, 
						{
							"keytime":  0.146254, 
							"rotation": [ 0.444652,  0.712664,  0.171116,  0.514891]
						}, 
						{
							"keytime":  0.147504, 
							"rotation": [ 0.454808,  0.709279,  0.183339,  0.506419]
						}, 
						{
							"keytime":  0.148754, 
							"rotation": [ 0.464803,  0.705703,  0.195151,  0.497853]
						}, 
						{
							"keytime":  0.150004, 
							"rotation": [ 0.474623,  0.701938,  0.206626,  0.489205]
						}, 
						{
							"keytime":  0.151254, 
							"rotation": [ 0.484253,  0.697991,  0.217800,  0.480490]
						}, 
						{
							"keytime":  0.152504, 
							"rotation": [ 0.492846,  0.694248,  0.227734,  0.472504]
						}, 
						{
							"keytime":  0.153754, 
							"rotation": [ 0.500439,  0.690761,  0.236494,  0.465275]
						}, 
						{
							"keytime":  0.155004, 
							"rotation": [ 0.506960,  0.687629,  0.244009,  0.458931]
						}, 
						{
							"keytime":  0.156254, 
							"rotation": [ 0.511786,  0.685229,  0.249564,  0.454152]
						}, 
						{
							"keytime":  0.157504, 
							"rotation": [ 0.514895,  0.683648,  0.253135,  0.451033]
						}, 
						{
							"keytime":  0.158754, 
							"rotation": [ 0.516050,  0.683055,  0.254456,  0.449867]
						}, 
						{
							"keytime":  0.160004, 
							"rotation": [ 0.515438,  0.683778,  0.254002,  0.449726]
						}, 
						{
							"keytime":  0.161254, 
							"rotation": [ 0.513648,  0.685882,  0.252673,  0.449318]
						}, 
						{
							"keytime":  0.162504, 
							"rotation": [ 0.510675,  0.689330,  0.250469,  0.448665]
						}, 
						{
							"keytime":  0.163754, 
							"rotation": [ 0.506790,  0.693749,  0.247595,  0.447854]
						}, 
						{
							"keytime":  0.165004, 
							"rotation": [ 0.502012,  0.699051,  0.244070,  0.446924]
						}, 
						{
							"keytime":  0.166254, 
							"rotation": [ 0.496255,  0.705256,  0.239837,  0.445897]
						}, 
						{
							"keytime":  0.167504, 
							"rotation": [ 0.489953,  0.711823,  0.235220,  0.444888]
						}, 
						{
							"keytime":  0.168754, 
							"rotation": [ 0.483051,  0.718761,  0.230184,  0.443915]
						}, 
						{
							"keytime":  0.170004, 
							"rotation": [ 0.475420,  0.726131,  0.224641,  0.442997]
						}, 
						{
							"keytime":  0.171254, 
							"rotation": [ 0.467624,  0.733351,  0.219005,  0.442224]
						}, 
						{
							"keytime":  0.172504, 
							"rotation": [ 0.459561,  0.740501,  0.213205,  0.441594]
						}, 
						{
							"keytime":  0.173754, 
							"rotation": [ 0.451105,  0.747670,  0.207154,  0.441114]
						}, 
						{
							"keytime":  0.175004, 
							"rotation": [ 0.442883,  0.754328,  0.201301,  0.440820]
						}, 
						{
							"keytime":  0.176254, 
							"rotation": [ 0.434780,  0.760600,  0.195563,  0.440693]
						}, 
						{
							"keytime":  0.177504, 
							"rotation": [ 0.426697,  0.766579,  0.189870,  0.440723]
						}, 
						{
							"keytime":  0.178754, 
							"rotation": [ 0.419251,  0.771850,  0.184652,  0.440886]
						}, 
						{
							"keytime":  0.180004, 
							"rotation": [ 0.412337,  0.776546,  0.179831,  0.441153]
						}, 
						{
							"keytime":  0.181255, 
							"rotation": [ 0.405915,  0.780740,  0.175373,  0.441499]
						}, 
						{
							"keytime":  0.182505, 
							"rotation": [ 0.400506,  0.784152,  0.171634,  0.441863]
						}, 
						{
							"keytime":  0.183755, 
