{
	"version": "0.7", 
	"id": "", 
	"meshes": [], 
	"materials": [], 
	"nodes": [
		{
			"id": "Bip001", 
			"skeleton": false, 
			"transform": [ 0.000000, -0.995937,  0.090050,  0.000000,  1.000000,  0.000000, -0.000002,  0.000000,  0.000002,  0.090050,  0.995937,  0.000000,  0.000000,  154.337967, -100.981346,  1.000000], 
			"children": [
				{
					"id": "Bip001 Pelvis", 
					"skeleton": false, 
					"transform": [ 0.000000,  0.000000,  1.000000,  0.000000,  1.000000,  0.000001, -0.000000,  0.000000, -0.000001,  1.000000, -0.000000,  0.000000,  0.000000,  0.000000,  0.000000,  1.000000], 
					"children": [
						{
							"id": "Bip001 Spine", 
							"skeleton": false, 
							"transform": [ 0.995283, -0.097012,  0.000002,  0.000000,  0.097012,  0.995283, -0.000004,  0.000000, -0.000001,  0.000004,  1.000000,  0.000000,  35.315418, -0.009171,  0.000049,  1.000000], 
							"children": [
								{
									"id": "Bip001 Spine1", 
									"skeleton": false, 
									"transform": [ 0.876884,  0.480701,  0.000001,  0.000000, -0.480701,  0.876884, -0.000000,  0.000000, -0.000001, -0.000000,  1.000000,  0.000000,  11.574228, -0.037186, -0.000000,  1.000000], 
									"children": [
										{
											"id": "Bip001 Spine2", 
											"skeleton": false, 
											"transform": [ 0.979065,  0.203546,  0.000001,  0.000000, -0.203546,  0.979065, -0.000000,  0.000000, -0.000001, -0.000000,  1.000000,  0.000000,  53.239079, -0.041916, -0.000000,  1.000000], 
											"children": [
												{
													"id": "Bip001 Neck", 
													"skeleton": false, 
													"transform": [-0.263073, -0.964776, -0.000003,  0.000000,  0.964776, -0.263073, -0.000004,  0.000000,  0.000003, -0.000004,  1.000000,  0.000000,  73.559715, -24.685532, -0.000129,  1.000000], 
													"children": [
														{
															"id": "Bip001 Neck1", 
															"skeleton": false, 
															"transform": [ 0.980142, -0.198299, -0.000001,  0.000000,  0.198299,  0.980142, -0.000000,  0.000000,  0.000001, -0.000000,  1.000000,  0.000000,  51.735443, -0.033199, -0.000000,  1.000000], 
															"children": [
																{
																	"id": "Bip001 Neck2", 
																	"skeleton": false, 
																	"transform": [ 0.987348,  0.158569,  0.000000,  0.000000, -0.158569,  0.987348, -0.000000,  0.000000, -0.000000, -0.000000,  1.000000,  0.000000,  42.532990, -0.036880, -0.000000,  1.000000], 
																	"children": [
																		{
																			"id": "Bip001 Neck3", 
																			"skeleton": false, 
																			"transform": [ 0.792616,  0.609721,  0.000002,  0.000000, -0.609721,  0.792616, -0.000001,  0.000000, -0.000002, -0.000001,  1.000000,  0.000000,  46.922424, -0.034786, -0.000000,  1.000000], 
																			"children": [
																				{
																					"id": "Bip001 Neck4", 
																					"skeleton": false, 
																					"transform": [ 0.783225,  0.621739,  0.000002,  0.000000, -0.621739,  0.783225, -0.000001,  0.000000, -0.000002, -0.000001,  1.000000,  0.000000,  55.138458, -0.041290, -0.000000,  1.000000], 
																					"children": [
																						{
																							"id": "Bip001 Head", 
																							"skeleton": false, 
																							"transform": [ 0.891043,  0.436524,  0.124457,  0.000000, -0.423718,  0.898223, -0.116869,  0.000000, -0.162806,  0.051401,  0.985318,  0.000000,  66.134460,  0.000031, -0.000000,  1.000000], 
																							"children": [
																								{
																									"id": "Bone001", 
																									"skeleton": false, 
																									"transform": [ 0.948647,  0.315833,  0.017846,  0.000000,  0.316263, -0.945699, -0.075031,  0.000000, -0.006820,  0.076822, -0.997021,  0.000000,  52.046211,  36.381042,  2.447517,  1.000000]
																								}, 
																								{
																									"id": "Bone035", 
																									"skeleton": false, 
																									"transform": [ 0.964088,  0.265221,  0.013841,  0.000000,  0.265494, -0.961122, -0.075872,  0.000000, -0.006820,  0.076823, -0.997021,  0.000000,  26.271393,  14.420044,  3.238010,  1.000000]
																								}, 
																								{
																									"id": "Bone037", 
																									"skeleton": false, 
																									"transform": [ 0.000537, -0.026688,  0.322025,  0.000000, -0.665428, -0.744002, -0.060549,  0.000000,  0.746460, -0.663053, -0.056196,  0.000000,  69.026680,  0.011169,  15.387791,  1.000000]
																								}, 
																								{
																									"id": "Bone036", 
																									"skeleton": false, 
																									"transform": [ 0.000537, -0.026688,  0.322025,  0.000000, -0.665428, -0.744002, -0.060549,  0.000000,  0.746460, -0.663053, -0.056196,  0.000000,  68.959633,  3.342224, -24.807549,  1.000000]
																								}
																							]
																						}
																					]
																				}
																			]
																		}
																	]
																}
															]
														}, 
														{
															"id": "Bip001 L Clavicle", 
															"skeleton": false, 
															"transform": [-0.005990, -0.189077,  0.981944,  0.000000,  0.963454,  0.261888,  0.056305,  0.000000, -0.267805,  0.946395,  0.180599,  0.000000, -13.754028, -4.692539,  33.784756,  1.000000], 
															"children": [
																{
																	"id": "Bip001 L UpperArm", 
																	"skeleton": false, 
																	"transform": [-0.160608, -0.818013,  0.552321,  0.000000,  0.160305, -0.573774, -0.803172,  0.000000,  0.973913, -0.040457,  0.223284,  0.000000,  48.508041,  0.000000, -0.000000,  1.000000], 
																	"children": [
																		{
																			"id": "Bip001 L Forearm", 
																			"skeleton": false, 
																			"transform": [ 0.728138, -0.685431,  0.000000,  0.000000,  0.685431,  0.728138,  0.000000,  0.000000, -0.000000, -0.000000,  1.000000,  0.000000,  71.447151,  0.000000,  0.000000,  1.000000], 
																			"children": [
																				{
																					"id": "Bip001 L Hand", 
																					"skeleton": false, 
																					"transform": [ 0.653925, -0.747977,  0.113635,  0.000000,  0.716607,  0.660530,  0.223996,  0.000000, -0.242603, -0.065045,  0.967942,  0.000000,  68.989609,  0.000000,  0.000000,  1.000000], 
																					"children": [
																						{
																							"id": "Bip001 L Finger0", 
																							"skeleton": false, 
																							"transform": [ 0.903865,  0.409900,  0.122515,  0.000000, -0.372747,  0.895084, -0.244713,  0.000000, -0.209969,  0.175521,  0.961824,  0.000000,  38.387299,  0.000000, -0.000011,  1.000000]
																						}
																					]
																				}
																			]
																		}
																	]
																}
															]
														}, 
														{
															"id": "Bip001 R Clavicle", 
															"skeleton": false, 
															"transform": [ 0.063141, -0.834301, -0.547681,  0.000000,  0.927213,  0.252038, -0.277042,  0.000000,  0.369173, -0.490324,  0.789489,  0.000000, -13.754013, -4.692356, -33.784672,  1.000000], 
															"children": [
																{
																	"id": "Bip001 R UpperArm", 
																	"skeleton": false, 
																	"transform": [ 0.208727, -0.968633, -0.134846,  0.000000,  0.772651,  0.078803,  0.629921,  0.000000, -0.599536, -0.235670,  0.764864,  0.000000,  48.508041,  0.000000,  0.000004,  1.000000], 
																	"children": [
																		{
																			"id": "Bip001 R Forearm", 
																			"skeleton": false, 
																			"transform": [ 0.525064, -0.851063, -0.000000,  0.000000,  0.851063,  0.525064,  0.000000,  0.000000,  0.000000,  0.000000,  1.000000,  0.000000,  71.447144,  0.000000,  0.000000,  1.000000], 
																			"children": [
																				{
																					"id": "Bip001 R Hand", 
																					"skeleton": false, 
																					"transform": [ 0.311318, -0.936903,  0.159041,  0.000000,  0.931373,  0.334052,  0.144755,  0.000000, -0.188750,  0.103062,  0.976602,  0.000000,  68.989609,  0.000002,  0.000004,  1.000000], 
																					"children": [
																						{
																							"id": "Bip001 R Finger0", 
																							"skeleton": false, 
																							"transform": [ 0.965189,  0.234636, -0.115572,  0.000000, -0.255072,  0.942159, -0.217427,  0.000000,  0.057871,  0.239337,  0.969210,  0.000000,  38.387299, -0.000002, -0.000004,  1.000000]
																						}
																					]
																				}
																			]
																		}
																	]
																}
															]
														}
													]
												}, 
												{
													"id": "Bone027", 
													"skeleton": false, 
													"transform": [-0.396381, -0.267718,  0.878185,  0.000000, -0.018015, -0.954087, -0.298988,  0.000000,  0.917909, -0.134333,  0.373359,  0.000000,  10.731796, -54.013077,  35.190311,  1.000000], 
													"children": [
														{
															"id": "Bone028", 
															"skeleton": false, 
															"transform": [ 0.706943,  0.412099,  0.574810,  0.000000, -0.372016,  0.907867, -0.193346,  0.000000, -0.601528, -0.077154,  0.795117,  0.000000,  143.230484, -0.000015,  0.000000,  1.000000], 
															"children": [
																{
																	"id": "Bone029", 
																	"skeleton": false, 
																	"transform": [ 0.896987, -0.138880,  0.419675,  0.000000,  0.148301,  0.988889,  0.010276,  0.000000, -0.416439,  0.053021,  0.907616,  0.000000,  149.659882, -0.000053, -0.000000,  1.000000], 
																	"children": [
																		{
																			"id": "Bone030", 
																			"skeleton": false, 
																			"transform": [ 0.254772, -0.591778, -0.764781,  0.000000,  0.953155,  0.020326,  0.301798,  0.000000, -0.163053, -0.805845,  0.569234,  0.000000,  111.230560, -0.000038, -0.000031,  1.000000], 
																			"children": [
																				{
																					"id": "Bone032", 
																					"skeleton": false, 
																					"transform": [ 0.952875, -0.300170,  0.043908,  0.000000,  0.213513,  0.560768, -0.799970,  0.000000,  0.215505,  0.771646,  0.598432,  0.000000,  132.020447,  0.653076, -0.038818,  1.000000], 
																					"children": [
																						{
																							"id": "Bone033", 
																							"skeleton": false, 
																							"transform": [ 0.934521, -0.331040,  0.130704,  0.000000,  0.315451,  0.940469,  0.126526,  0.000000, -0.164808, -0.077011,  0.983315,  0.000000,  129.576019, -0.000061, -0.000015,  1.000000]
																						}
																					]
																				}, 
																				{
																					"id": "Bone017", 
																					"skeleton": false, 
																					"transform": [ 0.835945, -0.545761, -0.057812,  0.000000, -0.545339, -0.814194, -0.199235,  0.000000,  0.061665,  0.198077, -0.978245,  0.000000, -1.406433, -0.262482,  6.595276,  1.000000], 
																					"children": [
																						{
																							"id": "Bone018", 
																							"skeleton": false, 
																							"transform": [ 0.955863,  0.120896, -0.267786,  0.000000, -0.136409,  0.989844, -0.040033,  0.000000,  0.260226,  0.074795,  0.962646,  0.000000,  109.035759,  0.000031,  0.000031,  1.000000], 
																							"children": [
																								{
																									"id": "Bone019", 
																									"skeleton": false, 
																									"transform": [ 0.999760, -0.018258, -0.012077,  0.000000,  0.020056,  0.985052,  0.171086,  0.000000,  0.008773, -0.171287,  0.985182,  0.000000,  106.601784, -0.000122,  0.000000,  1.000000]
																								}
																							]
																						}
																					]
																				}
																			]
																		}, 
																		{
																			"id": "Bone021", 
																			"skeleton": false, 
																			"transform": [-0.814551, -0.352176, -0.460954,  0.000000, -0.578153,  0.557782,  0.595498,  0.000000,  0.047392,  0.751566, -0.657954,  0.000000,  96.249237, -6.364693, -15.038879,  1.000000], 
																			"children": [
																				{
																					"id": "Bone022", 
																					"skeleton": false, 
																					"transform": [ 0.993641,  0.060426, -0.095012,  0.000000, -0.060289,  0.998172,  0.004309,  0.000000,  0.095099,  0.001446,  0.995467,  0.000000,  105.291977,  0.000031,  0.000031,  1.000000], 
																					"children": [
																						{
																							"id": "Bone023", 
																							"skeleton": false, 
																							"transform": [ 0.994372, -0.090001, -0.055897,  0.000000,  0.085837,  0.993639, -0.072898,  0.000000,  0.062103,  0.067689,  0.995772,  0.000000,  84.072807,  0.000000, -0.000000,  1.000000]
																						}
																					]
																				}
																			]
																		}
																	]
																}
															]
														}, 
														{
															"id": "Bone025", 
															"skeleton": false, 
															"transform": [ 0.359464, -0.387952, -0.848692,  0.000000, -0.816471,  0.309621, -0.487350,  0.000000,  0.451841,  0.868118, -0.205454,  0.000000,  148.532425, -10.045074, -6.911705,  1.000000]
														}
													]
												}, 
												{
													"id": "Bone027(mirrored)", 
													"skeleton": false, 
													"transform": [-0.396381, -0.267715, -0.878186,  0.000000,  0.018014,  0.954088, -0.298985,  0.000000,  0.917909, -0.134331, -0.373359,  0.000000,  7.245064, -55.118637, -43.481457,  1.000000], 
													"children": [
														{
															"id": "Bone025(mirrored)", 
															"skeleton": false, 
															"transform": [ 0.359464,  0.387952, -0.848693,  0.000000,  0.816471,  0.309622,  0.487350,  0.000000,  0.451842, -0.868117, -0.205454,  0.000000,  148.532379,  10.045059, -6.911667,  1.000000]
														}, 
														{
															"id": "Bone028(mirrored)", 
															"skeleton": false, 
															"transform": [ 0.706943, -0.412099,  0.574810,  0.000000,  0.372016,  0.907866,  0.193346,  0.000000, -0.601529,  0.077154,  0.795117,  0.000000,  143.230469,  0.000000,  0.000004,  1.000000], 
															"children": [
																{
																	"id": "Bone029(mirrored)", 
																	"skeleton": false, 
																	"transform": [ 0.896987,  0.138880,  0.419675,  0.000000, -0.148301,  0.988889, -0.010275,  0.000000, -0.416439, -0.053022,  0.907616,  0.000000,  149.659912,  0.000053,  0.000031,  1.000000], 
																	"children": [
																		{
																			"id": "Bone030(mirrored)", 
																			"skeleton": false, 
																			"transform": [ 0.254772,  0.591778, -0.764782,  0.000000, -0.953155,  0.020325, -0.301798,  0.000000, -0.163053,  0.805845,  0.569234,  0.000000,  111.230499, -0.000015, -0.000031,  1.000000], 
																			"children": [
																				{
																					"id": "Bone032(mirrored)", 
																					"skeleton": false, 
																					"transform": [ 0.952875,  0.300170,  0.043909,  0.000000, -0.213513,  0.560768,  0.799970,  0.000000,  0.215504, -0.771646,  0.598432,  0.000000,  132.020508, -0.653107, -0.038879,  1.000000], 
																					"children": [
																						{
																							"id": "Bone033(mirrored)", 
																							"skeleton": false, 
																							"transform": [ 0.934521,  0.331040,  0.130704,  0.000000, -0.315451,  0.940469, -0.126526,  0.000000, -0.164808,  0.077010,  0.983315,  0.000000,  129.575897,  0.000122, -0.000076,  1.000000]
																						}
																					]
																				}, 
																				{
																					"id": "Bone017(mirrored)", 
																					"skeleton": false, 
																					"transform": [ 0.835944,  0.545761, -0.057812,  0.000000,  0.545339, -0.814194,  0.199235,  0.000000,  0.061665, -0.198077, -0.978245,  0.000000, -1.406403,  0.262543,  6.595337,  1.000000], 
																					"children": [
																						{
																							"id": "Bone018(mirrored)", 
																							"skeleton": false, 
																							"transform": [ 0.955863, -0.120896, -0.267786,  0.000000,  0.136409,  0.989843,  0.040033,  0.000000,  0.260226, -0.074795,  0.962646,  0.000000,  109.035805, -0.000000,  0.000031,  1.000000], 
																							"children": [
																								{
																									"id": "Bone019(mirrored)", 
																									"skeleton": false, 
																									"transform": [ 0.999761,  0.018258, -0.012077,  0.000000, -0.020056,  0.985052, -0.171086,  0.000000,  0.008772,  0.171287,  0.985182,  0.000000,  106.601860,  0.000183, -0.000031,  1.000000]
																								}
																							]
																						}
																					]
																				}
																			]
																		}, 
																		{
																			"id": "Bone021(mirrored)", 
																			"skeleton": false, 
																			"transform": [-0.814551,  0.352176, -0.460954,  0.000000,  0.578152,  0.557782, -0.595499,  0.000000,  0.047391, -0.751566, -0.657953,  0.000000,  96.249207,  6.364670, -15.038940,  1.000000], 
																			"children": [
																				{
																					"id": "Bone022(mirrored)", 
																					"skeleton": false, 
																					"transform": [ 0.993641, -0.060425, -0.095012,  0.000000,  0.060289,  0.998172, -0.004310,  0.000000,  0.095099, -0.001446,  0.995467,  0.000000,  105.291931, -0.000061,  0.000031,  1.000000], 
																					"children": [
																						{
																							"id": "Bone023(mirrored)", 
																							"skeleton": false, 
																							"transform": [ 0.994372,  0.090001, -0.055897,  0.000000, -0.085837,  0.993639,  0.072898,  0.000000,  0.062103, -0.067689,  0.995772,  0.000000,  84.072845, -0.000061,  0.000000,  1.000000]
																						}
																					]
																				}
																			]
																		}
																	]
																}
															]
														}
													]
												}
											]
										}
									]
								}, 
								{
									"id": "Bip001 L Thigh", 
									"skeleton": false, 
									"transform": [-0.694315,  0.709787,  0.118870,  0.000000,  0.683578,  0.598782,  0.417351,  0.000000,  0.225053,  0.371030, -0.900937,  0.000000, -35.149715, -3.417068,  54.826710,  1.000000], 
									"children": [
										{
											"id": "Bip001 L Calf", 
											"skeleton": false, 
											"transform": [ 0.938282, -0.345870, -0.000000,  0.000000,  0.345870,  0.938282,  0.000000,  0.000000,  0.000000,  0.000000,  1.000000,  0.000000,  68.548309, -0.000008, -0.000015,  1.000000], 
											"children": [
												{
													"id": "Bip001 L HorseLink", 
													"skeleton": false, 
													"transform": [ 0.560335,  0.828266,  0.000000,  0.000000, -0.828266,  0.560335,  0.000000,  0.000000, -0.000000, -0.000000,  1.000000,  0.000000,  57.532143,  0.000008, -0.000015,  1.000000], 
													"children": [
														{
															"id": "Bip001 L Foot", 
															"skeleton": false, 
															"transform": [ 0.940394, -0.105027,  0.323464,  0.000000,  0.080018,  0.992748,  0.089708,  0.000000, -0.330540, -0.058478,  0.941978,  0.000000,  49.186455,  0.000015,  0.000015,  1.000000], 
															"children": [
																{
																	"id": "Bip001 L Toe0", 
																	"skeleton": false, 
																	"transform": [-0.000000,  1.000000, -0.000000,  0.000000, -1.000000, -0.000000, -0.000000,  0.000000, -0.000000,  0.000000,  1.000000,  0.000000,  16.149717,  30.085220, -0.000008,  1.000000]
																}
															]
														}
													]
												}
											]
										}
									]
								}, 
								{
									"id": "Bip001 R Thigh", 
									"skeleton": false, 
									"transform": [ 0.325539,  0.922586, -0.207024,  0.000000,  0.926548, -0.354914, -0.124680,  0.000000, -0.188504, -0.151229, -0.970359,  0.000000, -35.149715, -3.416763, -54.826725,  1.000000], 
									"children": [
										{
											"id": "Bip001 R Calf", 
											"skeleton": false, 
											"transform": [ 0.072518, -0.997367,  0.000000,  0.000000,  0.997367,  0.072518,  0.000000,  0.000000, -0.000000, -0.000000,  1.000000,  0.000000,  68.548309, -0.000004,  0.000008,  1.000000], 
											"children": [
												{
													"id": "Bip001 R HorseLink", 
													"skeleton": false, 
													"transform": [ 0.337087,  0.941474,  0.000000,  0.000000, -0.941474,  0.337087,  0.000000,  0.000000,  0.000000, -0.000000,  1.000000,  0.000000,  57.532139, -0.000000, -0.000008,  1.000000], 
													"children": [
														{
															"id": "Bip001 R Foot", 
															"skeleton": false, 
															"transform": [ 0.955267, -0.272848, -0.114097,  0.000000,  0.282037,  0.956557,  0.073848,  0.000000,  0.088991, -0.102724,  0.990721,  0.000000,  49.186451, -0.000000,  0.000000,  1.000000], 
															"children": [
																{
																	"id": "Bip001 R Toe0", 
																	"skeleton": false, 
																	"transform": [ 0.000000,  1.000000,  0.000000,  0.000000, -1.000000,  0.000000,  0.000000,  0.000000,  0.000000, -0.000000,  1.000000,  0.000000,  16.149717,  30.085232,  0.000000,  1.000000]
																}
															]
														}
													]
												}
											]
										}
									]
								}
							]
						}
					]
				}, 
				{
					"id": "Bone002", 
					"skeleton": false, 
					"transform": [ 0.605115, -0.380635, -0.699252,  0.000000,  0.785498,  0.142329,  0.602274,  0.000000, -0.129723, -0.913706,  0.385114,  0.000000, -8.079926,  0.000015, -32.554039,  1.000000], 
					"children": [
						{
							"id": "Bone003", 
							"skeleton": false, 
							"transform": [ 0.986484, -0.159798, -0.036257,  0.000000,  0.159916,  0.987131,  0.000357,  0.000000,  0.035734, -0.006151,  0.999342,  0.000000,  61.535988, -0.000015, -0.000006,  1.000000], 
							"children": [
								{
									"id": "Bone004", 
									"skeleton": false, 
									"transform": [ 0.991612, -0.063050, -0.112830,  0.000000,  0.063692,  0.997968,  0.002088,  0.000000,  0.112469, -0.009257,  0.993612,  0.000000,  60.536346, -0.000031,  0.000004,  1.000000], 
									"children": [
										{
											"id": "Bone005", 
											"skeleton": false, 
											"transform": [ 0.979153, -0.048112, -0.197344,  0.000000,  0.049788,  0.998754,  0.003537,  0.000000,  0.196928, -0.013288,  0.980328,  0.000000,  68.017578,  0.000015,  0.000007,  1.000000], 
											"children": [
												{
													"id": "Bone006", 
													"skeleton": false, 
													"transform": [ 0.952612, -0.117509, -0.280572,  0.000000,  0.121889,  0.992542, -0.001851,  0.000000,  0.278697, -0.032435,  0.959831,  0.000000,  86.288803, -0.000107, -0.000000,  1.000000], 
													"children": [
														{
															"id": "Bone007", 
															"skeleton": false, 
															"transform": [ 0.926939, -0.018317, -0.374765,  0.000000,  0.009018,  0.999607, -0.026553,  0.000000,  0.375104,  0.021233,  0.926740,  0.000000,  94.313416, -0.000015,  0.000000,  1.000000], 
															"children": [
																{
																	"id": "Bone008", 
																	"skeleton": false, 
																	"transform": [ 0.917155, -0.034243,  0.397058,  0.000000,  0.026190,  0.999327,  0.025688,  0.000000, -0.397670, -0.013161,  0.917434,  0.000000,  73.354858,  0.000015,  0.000000,  1.000000]
																}
															]
														}
													]
												}
											]
										}
									]
								}
							]
						}
					]
				}
			]
		}
	], 
	"animations": [
		{
			"id": "Take 001", 
			"length":  5.000000, 
			"bones": [
				{
					"boneId": "Bip001 R HorseLink", 
					"keyframes": [
						{
							"keytime":  0.000000, 
							"rotation": [ 0.000000, -0.000000,  0.575723,  0.817645], 
							"scale": [ 1.000000,  1.000000,  1.000000], 
							"translation": [ 57.532139,  0.000000, -0.000008]
						}, 
						{
							"keytime":  0.006667, 
							"rotation": [ 0.000000, -0.000000,  0.573900,  0.818925]
						}, 
						{
							"keytime":  0.013333, 
							"rotation": [-0.000000,  0.000000,  0.571952,  0.820287], 
							"translation": [ 57.532146, -0.000015,  0.000008]
						}, 
						{
							"keytime":  0.020000, 
							"rotation": [ 0.000000, -0.000000,  0.569844,  0.821753], 
							"translation": [ 57.532162, -0.000000,  0.000000]
						}, 
						{
							"keytime":  0.026667, 
							"rotation": [-0.000000,  0.000000,  0.567726,  0.823218], 
							"translation": [ 57.532158, -0.000015,  0.000015]
						}, 
						{
							"keytime":  0.033333, 
							"rotation": [-0.000000,  0.000000,  0.565567,  0.824702], 
							"translation": [ 57.532154, -0.000008,  0.000000]
						}, 
						{
							"keytime":  0.040000, 
							"rotation": [ 0.000000,  0.000000,  0.563396,  0.826187], 
							"translation": [ 57.532158, -0.000015,  0.000008]
						}, 
						{
							"keytime":  0.046667, 
							"rotation": [ 0.000000,  0.000000,  0.561177,  0.827696], 
							"translation": [ 57.532158, -0.000000, -0.000008]
						}, 
						{
							"keytime":  0.053333, 
							"rotation": [-0.000000,  0.000000,  0.559069,  0.829121], 
							"translation": [ 57.532158,  0.000000, -0.000000]
						}, 
						{
							"keytime":  0.060000, 
							"rotation": [ 0.000000, -0.000000,  0.556975,  0.830529], 
							"translation": [ 57.532150,  0.000000, -0.000008]
						}, 
						{
							"keytime":  0.066667, 
							"rotation": [ 0.000000,  0.000000,  0.554973,  0.831868], 
							"translation": [ 57.532154,  0.000000, -0.000008]
						}, 
						{
							"keytime":  0.073333, 
							"rotation": [-0.000000,  0.000000,  0.552935,  0.833224], 
							"translation": [ 57.532146, -0.000008, -0.000000]
						}, 
						{
							"keytime":  0.080000, 
							"rotation": [ 0.000000, -0.000000,  0.550801,  0.834636], 
							"translation": [ 57.532150,  0.000000,  0.000000]
						}, 
						{
							"keytime":  0.086667, 
							"rotation": [-0.000000,  0.000000,  0.548701,  0.836018], 
							"translation": [ 57.532162, -0.000008, -0.000000]
						}, 
						{
							"keytime":  0.093333, 
							"rotation": [ 0.000000,  0.000000,  0.546577,  0.837409], 
							"translation": [ 57.532143,  0.000008,  0.000008]
						}, 
						{
							"keytime":  0.100000, 
							"rotation": [-0.000000,  0.000000,  0.544365,  0.838848], 
							"translation": [ 57.532158, -0.000015,  0.000000]
						}, 
						{
							"keytime":  0.106667, 
							"rotation": [ 0.000000, -0.000000,  0.542202,  0.840248], 
							"translation": [ 57.532139, -0.000008,  0.000000]
						}, 
						{
							"keytime":  0.113333, 
							"rotation": [-0.000000,  0.000000,  0.540025,  0.841649], 
							"translation": [ 57.532173,  0.000008, -0.000008]
						}, 
						{
							"keytime":  0.120000, 
							"rotation": [ 0.000000,  0.000000,  0.537773,  0.843090], 
							"translation": [ 57.532143, -0.000000, -0.000008]
						}, 
						{
							"keytime":  0.126667, 
							"rotation": [-0.000000, -0.000000,  0.535583,  0.844483], 
							"translation": [ 57.532158,  0.000000, -0.000000]
						}, 
						{
							"keytime":  0.133333, 
							"rotation": [-0.000000,  0.000000,  0.533392,  0.845868], 
							"translation": [ 57.532166, -0.000015,  0.000000]
						}, 
						{
							"keytime":  0.140000, 
							"rotation": [ 0.000000, -0.000000,  0.531205,  0.847243], 
							"translation": [ 57.532162, -0.000016,  0.000000]
						}, 
						{
							"keytime":  0.146667, 
							"rotation": [-0.000000,  0.000000,  0.528961,  0.848646], 
							"translation": [ 57.532154,  0.000008,  0.000000]
						}, 
						{
							"keytime":  0.153333, 
							"rotation": [-0.000000, -0.000000,  0.526796,  0.849992], 
							"translation": [ 57.532150, -0.000007, -0.000015]
						}, 
						{
							"keytime":  0.160000, 
							"rotation": [-0.000000, -0.000000,  0.524650,  0.851318], 
							"translation": [ 57.532154, -0.000015, -0.000008]
						}, 
						{
							"keytime":  0.166667, 
							"rotation": [-0.000000, -0.000000,  0.522462,  0.852663], 
							"translation": [ 57.532150, -0.000000, -0.000008]
						}, 
						{
							"keytime":  0.173333, 
							"rotation": [-0.000000,  0.000000,  0.520367,  0.853943], 
							"translation": [ 57.532166, -0.000015,  0.000007]
						}, 
						{
							"keytime":  0.180000, 
							"rotation": [-0.000000,  0.000000,  0.518304,  0.855197], 
							"translation": [ 57.532146,  0.000008,  0.000008]
						}, 
						{
							"keytime":  0.186667, 
							"rotation": [ 0.000000,  0.000000,  0.516217,  0.856458], 
							"translation": [ 57.532158, -0.000015,  0.000000]
						}, 
						{
							"keytime":  0.193333, 
							"rotation": [-0.000000, -0.000000,  0.514236,  0.857649], 
							"translation": [ 57.532154, -0.000000,  0.000000]
						}, 
						{
							"keytime":  0.200000, 
							"translation": [ 57.532154, -0.000007, -0.000008]
						}, 
						{
							"keytime":  0.206667, 
							"rotation": [ 0.000000,  0.000000,  0.510366,  0.859957], 
							"translation": [ 57.532146, -0.000008, -0.000008]
						}, 
						{
							"keytime":  0.213333, 
							"rotation": [-0.000000,  0.000000,  0.508546,  0.861035], 
							"translation": [ 57.532146,  0.000008, -0.000000]
						}, 
						{
							"keytime":  0.220000, 
							"rotation": [-0.000000,  0.000000,  0.506790,  0.862070], 
							"translation": [ 57.532150,  0.000000,  0.000008]
						}, 
						{
							"keytime":  0.226667, 
							"rotation": [-0.000000, -0.000000,  0.505052,  0.863089], 
							"translation": [ 57.532150, -0.000015,  0.000000]
						}, 
						{
							"keytime":  0.233333, 
							"rotation": [-0.000000,  0.000000,  0.503442,  0.864029], 
							"translation": [ 57.532143, -0.000000, -0.000000]
						}, 
						{
							"keytime":  0.240000, 
							"rotation": [ 0.000000,  0.000000,  0.501867,  0.864945], 
							"translation": [ 57.532143, -0.000008,  0.000000]
						}, 
						{
							"keytime":  0.246667, 
							"rotation": [-0.000000,  0.000000,  0.500425,  0.865780], 
							"translation": [ 57.532154, -0.000000, -0.000008]
						}, 
						{
							"keytime":  0.253333, 
							"rotation": [-0.000000,  0.000000,  0.499075,  0.866559], 
							"translation": [ 57.532158, -0.000007,  0.000008]
						}, 
						{
							"keytime":  0.260000, 
							"rotation": [-0.000000,  0.000000,  0.497785,  0.867301], 
							"translation": [ 57.532162, -0.000015,  0.000000]
						}, 
						{
							"keytime":  0.266667, 
							"rotation": [-0.000000, -0.000000,  0.496658,  0.867946], 
							"translation": [ 57.532139, -0.000000, -0.000008]
						}, 
						{
							"keytime":  0.273333, 
							"rotation": [ 0.000000, -0.000000,  0.495683,  0.868503], 
							"translation": [ 57.532139, -0.000015, -0.000000]
						}, 
						{
							"keytime":  0.280000, 
							"rotation": [ 0.000000, -0.000000,  0.494841,  0.868984], 
							"translation": [ 57.532150, -0.000000,  0.000008]
						}, 
						{
							"keytime":  0.286667, 
							"rotation": [ 0.000000,  0.000000,  0.494185,  0.869357], 
							"translation": [ 57.532150,  0.000000,  0.000008]
						}, 
						{
							"keytime":  0.293333, 
							"rotation": [ 0.000000, -0.000000,  0.493691,  0.869637], 
							"translation": [ 57.532158,  0.000000,  0.000000]
						}, 
						{
							"keytime":  0.300000, 
							"rotation": [ 0.000000,  0.000000,  0.493358,  0.869826], 
							"translation": [ 57.532154,  0.000000,  0.000000]
						}, 
						{
							"keytime":  0.306667, 
							"rotation": [-0.000000, -0.000000,  0.493206,  0.869912], 
							"translation": [ 57.532150, -0.000008,  0.000000]
						}, 
						{
							"keytime":  0.313333, 
							"rotation": [ 0.000000,  0.000000,  0.493229,  0.869899], 
							"translation": [ 57.532143, -0.000008, -0.000008]
						}, 
						{
							"keytime":  0.320000, 
							"rotation": [-0.000000, -0.000000,  0.493438,  0.869781], 
							"translation": [ 57.532143,  0.000000,  0.000008]
						}, 
						{
							"keytime":  0.326667, 
							"rotation": [-0.000000,  0.000000,  0.493824,  0.869562], 
							"translation": [ 57.532135, -0.000008,  0.000008]
						}, 
						{
							"keytime":  0.333333, 
							"rotation": [-0.000000, -0.000000,  0.494394,  0.869238], 
							"translation": [ 57.532150, -0.000008,  0.000008]
						}, 
						{
							"keytime":  0.340000, 
							"rotation": [ 0.000000,  0.000000,  0.495176,  0.868793], 
							"translation": [ 57.532150,  0.000008,  0.000000]
						}, 
						{
							"keytime":  0.346667, 
							"rotation": [-0.000000, -0.000000,  0.496057,  0.868290], 
							"translation": [ 57.532146, -0.000008,  0.000000]
						}, 
						{
							"keytime":  0.353333, 
							"rotation": [-0.000000,  0.000000,  0.496987,  0.867758], 
							"translation": [ 57.532154, -0.000015, -0.000008]
						}, 
						{
							"keytime":  0.360000, 
							"rotation": [-0.000000, -0.000000,  0.497991,  0.867182], 
							"translation": [ 57.532158, -0.000008, -0.000008]
						}, 
						{
							"keytime":  0.366667, 
							"rotation": [-0.000000, -0.000000,  0.499008,  0.866597], 
							"translation": [ 57.532154, -0.000000, -0.000008]
						}, 
						{
							"keytime":  0.373333, 
							"rotation": [-0.000000,  0.000000,  0.500063,  0.865989], 
							"translation": [ 57.532139,  0.000000, -0.000000]
						}, 
						{
							"keytime":  0.380000, 
							"translation": [ 57.532162, -0.000008,  0.000000]
						}, 
						{
							"keytime":  0.386667, 
							"rotation": [ 0.000000, -0.000000,  0.502307,  0.864689], 
							"translation": [ 57.532143, -0.000015,  0.000000]
						}, 
						{
							"keytime":  0.393334, 
							"rotation": [ 0.000000, -0.000000,  0.503456,  0.864021], 
							"translation": [ 57.532154, -0.000008,  0.000000]
						}, 
						{
							"keytime":  0.400000, 
							"rotation": [-0.000000, -0.000000,  0.504665,  0.863315], 
							"translation": [ 57.532150, -0.000015, -0.000015]
						}, 
						{
							"keytime":  0.406667, 
							"rotation": [-0.000000,  0.000000,  0.505860,  0.862616], 
							"translation": [ 57.532150, -0.000008, -0.000008]
						}, 
						{
							"keytime":  0.413334, 
							"rotation": [-0.000000,  0.000000,  0.507072,  0.861904], 
							"translation": [ 57.532154, -0.000000,  0.000008]
						}, 
						{
							"keytime":  0.420000, 
							"rotation": [ 0.000000, -0.000000,  0.508336,  0.861159], 
							"translation": [ 57.532146, -0.000008,  0.000000]
						}, 
						{
							"keytime":  0.426667, 
							"rotation": [ 0.000000, -0.000000,  0.509573,  0.860427], 
							"translation": [ 57.532150, -0.000000,  0.000000]
						}, 
						{
							"keytime":  0.433333, 
							"rotation": [-0.000000,  0.000000,  0.510817,  0.859689], 
							"translation": [ 57.532146, -0.000008, -0.000008]
						}, 
						{
							"keytime":  0.440000, 
							"rotation": [ 0.000000,  0.000000,  0.512103,  0.858924], 
							"translation": [ 57.532150, -0.000000,  0.000008]
						}, 
						{
							"keytime":  0.446667, 
							"rotation": [-0.000000,  0.000000,  0.513352,  0.858178], 
							"translation": [ 57.532154, -0.000008,  0.000000]
						}, 
						{
							"keytime":  0.453333, 
							"rotation": [-0.000000, -0.000000,  0.514598,  0.857432], 
							"translation": [ 57.532146, -0.000015, -0.000008]
						}, 
						{
							"keytime":  0.460000, 
							"rotation": [-0.000000,  0.000000,  0.515875,  0.856664], 
							"translation": [ 57.532158, -0.000000,  0.000000]
						}, 
						{
							"keytime":  0.466667, 
							"rotation": [-0.000000,  0.000000,  0.517104,  0.855922], 
							"translation": [ 57.532166, -0.000008,  0.000008]
						}, 
						{
							"keytime":  0.473333, 
							"rotation": [-0.000000, -0.000000,  0.518322,  0.855186], 
							"translation": [ 57.532154,  0.000008,  0.000008]
						}, 
						{
							"keytime":  0.480000, 
							"rotation": [-0.000000,  0.000000,  0.519558,  0.854435], 
							"translation": [ 57.532154, -0.000008,  0.000008]
						}, 
						{
							"keytime":  0.486667, 
							"rotation": [-0.000000,  0.000000,  0.520739,  0.853716], 
							"translation": [ 57.532154, -0.000008, -0.000008]
						}, 
						{
							"keytime":  0.493333, 
							"rotation": [ 0.000000, -0.000000,  0.521897,  0.853009], 
							"translation": [ 57.532146, -0.000000, -0.000000]
						}, 
						{
							"keytime":  0.500000, 
							"rotation": [-0.000000, -0.000000,  0.523062,  0.852295], 
							"translation": [ 57.532154, -0.000008,  0.000000]
						}, 
						{
							"keytime":  0.506667, 
							"rotation": [ 0.000000, -0.000000,  0.524163,  0.851618], 
							"translation": [ 57.532158, -0.000008,  0.000015]
						}, 
						{
							"keytime":  0.513333, 
							"rotation": [-0.000000, -0.000000,  0.525244,  0.850952], 
							"translation": [ 57.532143, -0.000008, -0.000015]
						}, 
						{
							"keytime":  0.520000, 
							"rotation": [ 0.000000,  0.000000,  0.526318,  0.850288], 
							"translation": [ 57.532154, -0.000008, -0.000008]
						}, 
						{
							"keytime":  0.526667, 
							"rotation": [-0.000000,  0.000000,  0.527416,  0.849607], 
							"translation": [ 57.532139, -0.000000, -0.000000]
						}, 
						{
							"keytime":  0.533333, 
							"rotation": [-0.000000,  0.000000,  0.528474,  0.848949], 
							"translation": [ 57.532146,  0.000000,  0.000008]
						}, 
						{
							"keytime":  0.540000, 
							"rotation": [ 0.000000, -0.000000,  0.529525,  0.848294], 
							"translation": [ 57.532146, -0.000008,  0.000000]
						}, 
						{
							"keytime":  0.546667, 
							"rotation": [-0.000000, -0.000000,  0.530599,  0.847623], 
							"translation": [ 57.532139, -0.000000,  0.000008]
						}, 
						{
							"keytime":  0.553333, 
							"rotation": [ 0.000000, -0.000000,  0.531635,  0.846973], 
							"translation": [ 57.532150, -0.000008,  0.000008]
						}, 
						{
							"keytime":  0.560000, 
							"rotation": [ 0.000000,  0.000000,  0.532663,  0.846327], 
							"translation": [ 57.532166, -0.000008, -0.000007]
						}, 
						{
							"keytime":  0.566666, 
							"rotation": [ 0.000000,  0.000000,  0.533716,  0.845664], 
