{
	"version": "0.7", 
	"id": "", 
	"meshes": [], 
	"materials": [], 
	"nodes": [
		{
			"id": "Bip001", 
			"skeleton": false, 
			"transform": [ 0.000000, -0.995937,  0.090050,  0.000000,  1.000000,  0.000000, -0.000001,  0.000000,  0.000001,  0.090050,  0.995937,  0.000000,  0.000000,  154.490250, -100.981346,  1.000000], 
			"children": [
				{
					"id": "Bip001 Pelvis", 
					"skeleton": false, 
					"transform": [ 0.000000,  0.000000,  1.000000,  0.000000,  1.000000,  0.000001, -0.000000,  0.000000, -0.000001,  1.000000,  0.000000,  0.000000,  0.000000,  0.000000,  0.000000,  1.000000], 
					"children": [
						{
							"id": "Bip001 Spine", 
							"skeleton": false, 
							"transform": [ 0.995166, -0.098206, -0.000684,  0.000000,  0.098206,  0.995166,  0.000010,  0.000000,  0.000680, -0.000077,  1.000000,  0.000000,  35.315407, -0.009171,  0.000049,  1.000000], 
							"children": [
								{
									"id": "Bip001 Spine1", 
									"skeleton": false, 
									"transform": [ 0.877457,  0.479656, -0.000508,  0.000000, -0.479655,  0.877457,  0.000258,  0.000000,  0.000570,  0.000018,  1.000000,  0.000000,  11.574173, -0.037216, -0.000011,  1.000000], 
									"children": [
										{
											"id": "Bip001 Spine2", 
											"skeleton": false, 
											"transform": [ 0.979361,  0.202116,  0.000899,  0.000000, -0.202116,  0.979362,  0.000592,  0.000000, -0.000761, -0.000761,  0.999999,  0.000000,  53.239037, -0.041946, -0.000025,  1.000000], 
											"children": [
												{
													"id": "Bip001 Neck", 
													"skeleton": false, 
													"transform": [-0.268086, -0.963395, -0.000779,  0.000000,  0.963395, -0.268086, -0.000126,  0.000000, -0.000088, -0.000784,  1.000000,  0.000000,  73.559746, -24.685318, -0.000124,  1.000000], 
													"children": [
														{
															"id": "Bip001 Neck1", 
															"skeleton": false, 
															"transform": [ 0.980833, -0.194851,  0.000693,  0.000000,  0.194850,  0.980833,  0.000444,  0.000000, -0.000766, -0.000301,  1.000000,  0.000000,  51.735535, -0.033211, -0.000015,  1.000000], 
															"children": [
																{
																	"id": "Bip001 Neck2", 
																	"skeleton": false, 
																	"transform": [ 0.986503,  0.163739,  0.001018,  0.000000, -0.163740,  0.986504,  0.000328,  0.000000, -0.000951, -0.000490,  0.999999,  0.000000,  42.533188, -0.036850, -0.000012,  1.000000], 
																	"children": [
																		{
																			"id": "Bip001 Neck3", 
																			"skeleton": false, 
																			"transform": [ 0.789585,  0.613641,  0.000786,  0.000000, -0.613641,  0.789585, -0.000061,  0.000000, -0.000658, -0.000434,  1.000000,  0.000000,  46.922607, -0.034653,  0.000003,  1.000000], 
																			"children": [
																				{
																					"id": "Bip001 Neck4", 
																					"skeleton": false, 
																					"transform": [ 0.781693,  0.623663, -0.000038,  0.000000, -0.623663,  0.781693, -0.000007,  0.000000,  0.000025,  0.000029,  1.000000,  0.000000,  55.138580, -0.041183,  0.000000,  1.000000], 
																					"children": [
																						{
																							"id": "Bip001 Head", 
																							"skeleton": false, 
																							"transform": [ 0.893600,  0.431368,  0.124100,  0.000000, -0.418607,  0.900669, -0.116458,  0.000000, -0.162009,  0.052118,  0.985412,  0.000000,  66.134460, -0.000000,  0.000000,  1.000000], 
																							"children": [
																								{
																									"id": "Bone001", 
																									"skeleton": false, 
																									"transform": [ 0.948465,  0.316375,  0.017887,  0.000000,  0.316807, -0.945519, -0.075014,  0.000000, -0.006821,  0.076815, -0.997022,  0.000000,  52.046227,  36.381012,  2.447536,  1.000000]
																								}, 
																								{
																									"id": "Bone035", 
																									"skeleton": false, 
																									"transform": [ 0.937675,  0.346332,  0.028609,  0.000000,  0.347501, -0.933839, -0.084781,  0.000000, -0.002646,  0.089439, -0.995989,  0.000000,  26.271408,  14.420044,  3.238007,  1.000000]
																								}, 
																								{
																									"id": "Bone037", 
																									"skeleton": false, 
																									"transform": [ 0.000537, -0.026688,  0.322025,  0.000000, -0.665427, -0.744003, -0.060549,  0.000000,  0.746461, -0.663052, -0.056196,  0.000000,  68.098030,  0.883331,  8.033886,  1.000000]
																								}, 
																								{
																									"id": "Bone036", 
																									"skeleton": false, 
																									"transform": [-0.009636, -0.006702,  0.322916,  0.000000, -0.831790, -0.553902, -0.036316,  0.000000,  0.554290, -0.832324, -0.000735,  0.000000,  86.631310, -17.807434, -12.558708,  1.000000]
																								}
																							]
																						}
																					]
																				}
																			]
																		}
																	]
																}
															]
														}, 
														{
															"id": "Bip001 L Clavicle", 
															"skeleton": false, 
															"transform": [-0.005769, -0.189226,  0.981917,  0.000000,  0.962036,  0.266887,  0.057084,  0.000000, -0.272863,  0.944968,  0.180503,  0.000000, -13.755447, -4.768112,  33.773506,  1.000000], 
															"children": [
																{
																	"id": "Bip001 L UpperArm", 
																	"skeleton": false, 
																	"transform": [-0.160569, -0.818345,  0.551840,  0.000000,  0.158928, -0.573236, -0.803830,  0.000000,  0.974145, -0.041367,  0.222103,  0.000000,  48.508053, -0.000015,  0.000004,  1.000000], 
																	"children": [
																		{
																			"id": "Bip001 L Forearm", 
																			"skeleton": false, 
																			"transform": [ 0.736513, -0.676423,  0.000000,  0.000000,  0.676423,  0.736513,  0.000000,  0.000000, -0.000000,  0.000000,  1.000000,  0.000000,  71.447151, -0.000008,  0.000008,  1.000000], 
																			"children": [
																				{
																					"id": "Bip001 L Hand", 
																					"skeleton": false, 
																					"transform": [ 0.647177, -0.753856,  0.113415,  0.000000,  0.722802,  0.654072,  0.223041,  0.000000, -0.242323, -0.062370,  0.968189,  0.000000,  68.989616, -0.000008,  0.000008,  1.000000], 
																					"children": [
																						{
																							"id": "Bip001 L Finger0", 
																							"skeleton": false, 
																							"transform": [ 0.903865,  0.409900,  0.122515,  0.000000, -0.372747,  0.895084, -0.244713,  0.000000, -0.209969,  0.175521,  0.961824,  0.000000,  38.387299,  0.000004, -0.000004,  1.000000]
																						}
																					]
																				}
																			]
																		}
																	]
																}
															]
														}, 
														{
															"id": "Bip001 R Clavicle", 
															"skeleton": false, 
															"transform": [ 0.067903, -0.833895, -0.547730,  0.000000,  0.926105,  0.256889, -0.276292,  0.000000,  0.371105, -0.488494,  0.789718,  0.000000, -13.703003, -4.759674, -33.795895,  1.000000], 
															"children": [
																{
																	"id": "Bip001 R UpperArm", 
																	"skeleton": false, 
																	"transform": [ 0.210509, -0.968244, -0.134871,  0.000000,  0.772432,  0.080179,  0.630017,  0.000000, -0.599196, -0.236803,  0.764781,  0.000000,  48.508041,  0.000000, -0.000008,  1.000000], 
																	"children": [
																		{
																			"id": "Bip001 R Forearm", 
																			"skeleton": false, 
																			"transform": [ 0.529611, -0.848241,  0.000000,  0.000000,  0.848241,  0.529611,  0.000000,  0.000000,  0.000000,  0.000000,  1.000000,  0.000000,  71.447144, -0.000004,  0.000004,  1.000000], 
																			"children": [
																				{
																					"id": "Bip001 R Hand", 
																					"skeleton": false, 
																					"transform": [ 0.308614, -0.937800,  0.159024,  0.000000,  0.932441,  0.331302,  0.144198,  0.000000, -0.187914,  0.103779,  0.976687,  0.000000,  68.989609,  0.000008, -0.000008,  1.000000], 
																					"children": [
																						{
																							"id": "Bip001 R Finger0", 
																							"skeleton": false, 
																							"transform": [ 0.965189,  0.234636, -0.115572,  0.000000, -0.255072,  0.942159, -0.217427,  0.000000,  0.057871,  0.239337,  0.969210,  0.000000,  38.387283,  0.000001,  0.000008,  1.000000]
																						}
																					]
																				}
																			]
																		}
																	]
																}
															]
														}
													]
												}, 
												{
													"id": "Bone045(mirrored)", 
													"skeleton": false, 
													"transform": [-0.649800, -0.413249, -0.637954,  0.000000,  0.100578,  0.785170, -0.611058,  0.000000,  0.753421, -0.461229, -0.468640,  0.000000,  2.160767, -57.481339, -47.128391,  1.000000], 
													"children": [
														{
															"id": "Bone039(mirrored)", 
															"skeleton": false, 
															"transform": [ 0.879092, -0.320104, -0.353173,  0.000000,  0.246558,  0.939497, -0.237814,  0.000000,  0.407930,  0.121983,  0.904828,  0.000000,  57.621658, -0.093903, -0.000011,  1.000000], 
															"children": [
																{
																	"id": "Bone040(mirrored)", 
																	"skeleton": false, 
																	"transform": [ 0.921842, -0.322424,  0.215058,  0.000000,  0.325420,  0.945306,  0.022333,  0.000000, -0.210496,  0.049396,  0.976346,  0.000000,  68.437195, -0.000015, -0.000015,  1.000000], 
																	"children": [
																		{
																			"id": "Bone046(mirrored)", 
																			"skeleton": false, 
																			"transform": [ 0.999232, -0.013956, -0.036613,  0.000000,  0.019567, -0.631827,  0.774863,  0.000000, -0.033947, -0.774984, -0.631068,  0.000000,  65.171387, -0.000114, -0.000057,  1.000000], 
																			"children": [
																				{
																					"id": "Bone047(mirrored)", 
																					"skeleton": false, 
																					"transform": [ 0.995138,  0.011393,  0.097830,  0.000000, -0.001794,  0.995219, -0.097654,  0.000000, -0.098475,  0.097004,  0.990400,  0.000000,  91.194336, -0.000015, -0.000004,  1.000000], 
																					"children": [
																						{
																							"id": "Bone052(mirrored)", 
																							"skeleton": false, 
																							"transform": [-0.813363, -0.521545, -0.257744,  0.000000, -0.003266, -0.438944,  0.898508,  0.000000, -0.581748,  0.731655,  0.355318,  0.000000,  97.336578, -22.929062, -16.008301,  1.000000]
																						}, 
																						{
																							"id": "Bone048(mirrored)", 
																							"skeleton": false, 
																							"transform": [-0.174632, -0.961973, -0.210027,  0.000000, -0.442727,  0.267240, -0.855906,  0.000000,  0.879486, -0.056484, -0.472560,  0.000000,  110.863068,  22.689243,  3.509888,  1.000000], 
																							"children": [
																								{
																									"id": "Bone049(mirrored)", 
																									"skeleton": false, 
																									"transform": [ 0.984824,  0.168076,  0.043263,  0.000000, -0.116528,  0.825092, -0.552852,  0.000000, -0.128617,  0.539420,  0.832156,  0.000000,  137.919464,  0.002838, -0.000000,  1.000000], 
																									"children": [
																										{
																											"id": "Bone050(mirrored)", 
																											"skeleton": false, 
																											"transform": [ 0.943991,  0.308013, -0.118360,  0.000000, -0.315949,  0.947181, -0.054995,  0.000000,  0.095169,  0.089311,  0.991447,  0.000000,  138.908142, -0.000488,  0.000122,  1.000000]
																										}
																									]
																								}
																							]
																						}
																					]
																				}
																			]
																		}
																	]
																}, 
																{
																	"id": "Bone054(mirrored)", 
																	"skeleton": false, 
																	"transform": [-0.263385,  0.516734, -0.814625,  0.000000,  0.234622, -0.784774, -0.573657,  0.000000, -0.935725, -0.342222,  0.085460,  0.000000,  74.381897, -0.627556, -5.115097,  1.000000]
																}
															]
														}
													]
												}, 
												{
													"id": "Bone045", 
													"skeleton": false, 
													"transform": [-0.469733, -0.473418,  0.745135,  0.000000,  0.183268, -0.877956, -0.442273,  0.000000,  0.863576, -0.071191,  0.499167,  0.000000,  3.204247, -56.266312,  44.017639,  1.000000], 
													"children": [
														{
															"id": "Bone039", 
															"skeleton": false, 
															"transform": [ 0.748076,  0.067168, -0.660205,  0.000000, -0.217653,  0.964667, -0.148478,  0.000000,  0.626905,  0.254768,  0.736263,  0.000000,  57.621628,  0.093887, -0.000000,  1.000000], 
															"children": [
																{
																	"id": "Bone040", 
																	"skeleton": false, 
																	"transform": [ 0.956695,  0.169059,  0.236967,  0.000000, -0.201546,  0.972077,  0.120186,  0.000000, -0.210032, -0.162741,  0.964055,  0.000000,  68.437256,  0.000008, -0.000031,  1.000000], 
																	"children": [
																		{
																			"id": "Bone046", 
																			"skeleton": false, 
																			"transform": [ 0.949252,  0.222551,  0.222242,  0.000000,  0.312679, -0.591499, -0.743210,  0.000000, -0.033946,  0.774984, -0.631069,  0.000000,  65.171387,  0.000130, -0.000053,  1.000000], 
																			"children": [
																				{
																					"id": "Bone047", 
																					"skeleton": false, 
																					"transform": [ 0.968760,  0.033168, -0.245771,  0.000000,  0.046663,  0.948936,  0.311998,  0.000000,  0.243570, -0.313720,  0.917744,  0.000000,  91.194366,  0.000010, -0.000000,  1.000000], 
																					"children": [
																						{
																							"id": "Bone052", 
																							"skeleton": false, 
																							"transform": [-0.918456,  0.343666, -0.195784,  0.000000, -0.026844, -0.548023, -0.836032,  0.000000, -0.394610, -0.762603,  0.512561,  0.000000,  97.336609,  22.929058, -16.008270,  1.000000]
																						}, 
																						{
																							"id": "Bone048", 
																							"skeleton": false, 
																							"transform": [-0.304150,  0.761642, -0.572184,  0.000000,  0.470807,  0.642339,  0.604765,  0.000000,  0.828150, -0.085449, -0.553954,  0.000000,  110.863037, -22.689209,  3.509872,  1.000000], 
																							"children": [
																								{
																									"id": "Bone049", 
																									"skeleton": false, 
																									"transform": [ 0.975626, -0.159180, -0.151047,  0.000000,  0.167762,  0.984763,  0.045800,  0.000000,  0.141455, -0.070024,  0.987465,  0.000000,  137.919479, -0.002808,  0.000000,  1.000000], 
																									"children": [
																										{
																											"id": "Bone050", 
																											"skeleton": false, 
																											"transform": [ 0.933252, -0.306640, -0.187120,  0.000000,  0.224999,  0.905038, -0.360945,  0.000000,  0.280031,  0.294751,  0.913622,  0.000000,  138.908066,  0.000519, -0.000000,  1.000000]
																										}
																									]
																								}
																							]
																						}
																					]
																				}
																			]
																		}
																	]
																}, 
																{
																	"id": "Bone054", 
																	"skeleton": false, 
																	"transform": [-0.215741, -0.352751, -0.910507,  0.000000, -0.820544, -0.439969,  0.364878,  0.000000, -0.529306,  0.825830, -0.194529,  0.000000,  74.381927,  0.627510, -5.115097,  1.000000]
																}
															]
														}
													]
												}
											]
										}
									]
								}, 
								{
									"id": "Bip001 L Thigh", 
									"skeleton": false, 
									"transform": [-0.695309,  0.708902,  0.118336,  0.000000,  0.682473,  0.599616,  0.417961,  0.000000,  0.225337,  0.371373, -0.900725,  0.000000, -35.183182, -3.458481,  54.802639,  1.000000], 
									"children": [
										{
											"id": "Bip001 L Calf", 
											"skeleton": false, 
											"transform": [ 0.938338, -0.345719,  0.000000,  0.000000,  0.345719,  0.938338,  0.000000,  0.000000, -0.000000,  0.000000,  1.000000,  0.000000,  68.548302, -0.000008, -0.000015,  1.000000], 
											"children": [
												{
													"id": "Bip001 L HorseLink", 
													"skeleton": false, 
													"transform": [ 0.560339,  0.828264, -0.000000,  0.000000, -0.828264,  0.560339,  0.000000,  0.000000,  0.000000, -0.000000,  1.000000,  0.000000,  57.532158,  0.000000, -0.000000,  1.000000], 
													"children": [
														{
															"id": "Bip001 L Foot", 
															"skeleton": false, 
															"transform": [ 0.940360, -0.105128,  0.323528,  0.000000,  0.080073,  0.992732,  0.089844,  0.000000, -0.330622, -0.058580,  0.941943,  0.000000,  49.186455,  0.000000,  0.000000,  1.000000], 
															"children": [
																{
																	"id": "Bip001 L Toe0", 
																	"skeleton": false, 
																	"transform": [-0.000000,  1.000000, -0.000000,  0.000000, -1.000000, -0.000000, -0.000000,  0.000000, -0.000000,  0.000000,  1.000000,  0.000000,  16.149719,  30.085220,  0.000000,  1.000000]
																}
															]
														}
													]
												}
											]
										}
									]
								}, 
								{
									"id": "Bip001 R Thigh", 
									"skeleton": false, 
									"transform": [ 0.324574,  0.922964, -0.206854,  0.000000,  0.927042, -0.353822, -0.124104,  0.000000, -0.187733, -0.151482, -0.970469,  0.000000, -35.107971, -3.459686, -54.850773,  1.000000], 
									"children": [
										{
											"id": "Bip001 R Calf", 
											"skeleton": false, 
											"transform": [ 0.072518, -0.997367, -0.000000,  0.000000,  0.997367,  0.072518,  0.000000,  0.000000,  0.000000,  0.000000,  1.000000,  0.000000,  68.548309, -0.000011,  0.000008,  1.000000], 
											"children": [
												{
													"id": "Bip001 R HorseLink", 
													"skeleton": false, 
													"transform": [ 0.337116,  0.941463, -0.000000,  0.000000, -0.941463,  0.337116,  0.000000,  0.000000,  0.000000,  0.000000,  1.000000,  0.000000,  57.532146,  0.000000, -0.000008,  1.000000], 
													"children": [
														{
															"id": "Bip001 R Foot", 
															"skeleton": false, 
															"transform": [ 0.955271, -0.272836, -0.114096,  0.000000,  0.282017,  0.956569,  0.073769,  0.000000,  0.089014, -0.102646,  0.990727,  0.000000,  49.186466,  0.000000,  0.000000,  1.000000], 
															"children": [
																{
																	"id": "Bip001 R Toe0", 
																	"skeleton": false, 
																	"transform": [ 0.000000,  1.000000,  0.000000,  0.000000, -1.000000, -0.000000,  0.000000,  0.000000,  0.000000, -0.000000,  1.000000,  0.000000,  16.149715,  30.085236, -0.000000,  1.000000]
																}
															]
														}
													]
												}
											]
										}
									]
								}
							]
						}
					]
				}, 
				{
					"id": "Bone002", 
					"skeleton": false, 
					"transform": [ 0.605880, -0.379302, -0.699314,  0.000000,  0.785022,  0.142470,  0.602862,  0.000000, -0.129036, -0.914239,  0.384080,  0.000000, -8.079926,  0.000015, -32.554062,  1.000000], 
					"children": [
						{
							"id": "Bone003", 
							"skeleton": false, 
							"transform": [ 0.986257, -0.161939, -0.032747,  0.000000,  0.162040,  0.986784,  0.000431,  0.000000,  0.032245, -0.005731,  0.999464,  0.000000,  61.535995,  0.000000, -0.000002,  1.000000], 
							"children": [
								{
									"id": "Bone004", 
									"skeleton": false, 
									"transform": [ 0.992231, -0.065220, -0.105948,  0.000000,  0.065788,  0.997832,  0.001865,  0.000000,  0.105596, -0.008821,  0.994370,  0.000000,  60.536354, -0.000031,  0.000008,  1.000000], 
									"children": [
										{
											"id": "Bone005", 
											"skeleton": false, 
											"transform": [ 0.980250, -0.048117, -0.191821,  0.000000,  0.049712,  0.998757,  0.003511,  0.000000,  0.191413, -0.012978,  0.981424,  0.000000,  68.017593, -0.000015, -0.000010,  1.000000], 
											"children": [
												{
													"id": "Bone006", 
													"skeleton": false, 
													"transform": [ 0.953506, -0.114822, -0.278641,  0.000000,  0.119155,  0.992874, -0.001393,  0.000000,  0.276816, -0.031874,  0.960394,  0.000000,  86.288803, -0.000137,  0.000008,  1.000000], 
													"children": [
														{
															"id": "Bone007", 
															"skeleton": false, 
															"transform": [ 0.926196, -0.013318, -0.376807,  0.000000,  0.003878,  0.999660, -0.025801,  0.000000,  0.377023,  0.022435,  0.925932,  0.000000,  94.313416, -0.000015,  0.000000,  1.000000], 
															"children": [
																{
																	"id": "Bone008", 
																	"skeleton": false, 
																	"transform": [ 0.917155, -0.034243,  0.397058,  0.000000,  0.026190,  0.999327,  0.025688,  0.000000, -0.397670, -0.013161,  0.917434,  0.000000,  73.354858,  0.000031,  0.000000,  1.000000]
																}
															]
														}
													]
												}
											]
										}
									]
								}
							]
						}
					]
				}
			]
		}
	], 
	"animations": [
		{
			"id": "Take 001", 
			"length":  26.666000, 
			"bones": [
				{
					"boneId": "Bone048(mirrored)", 
					"keyframes": [
						{
							"keytime":  0.000013, 
							"rotation": [-0.507614,  0.691815, -0.329709,  0.393716], 
							"scale": [ 1.000000,  1.000000,  1.000000], 
							"translation": [ 110.863068,  22.689240,  3.509888]
						}, 
						{
							"keytime":  0.001263, 
							"rotation": [-0.506824,  0.691099, -0.331108,  0.394815]
						}, 
						{
							"keytime":  0.002513, 
							"rotation": [-0.506092,  0.690319, -0.332427,  0.396009]
						}, 
						{
							"keytime":  0.003763, 
							"rotation": [-0.505459,  0.689523, -0.333590,  0.397225]
						}, 
						{
							"keytime":  0.005013, 
							"rotation": [-0.504901,  0.688689, -0.334638,  0.398497]
						}, 
						{
							"keytime":  0.006263, 
							"rotation": [-0.504416,  0.687819, -0.335575,  0.399823]
						}, 
						{
							"keytime":  0.007513, 
							"rotation": [-0.503991,  0.686887, -0.336424,  0.401245]
						}, 
						{
							"keytime":  0.008763, 
							"rotation": [-0.503649,  0.685949, -0.337138,  0.402678]
						}, 
						{
							"keytime":  0.010013, 
							"rotation": [-0.503374,  0.684979, -0.337745,  0.404162]
						}, 
						{
							"keytime":  0.011263, 
							"rotation": [-0.503159,  0.683948, -0.338260,  0.405742]
						}, 
						{
							"keytime":  0.012513, 
							"rotation": [-0.503016,  0.682917, -0.338654,  0.407324]
						}, 
						{
							"keytime":  0.013763, 
							"rotation": [-0.502933,  0.681826, -0.338954,  0.409001]
						}, 
						{
							"keytime":  0.015013, 
							"rotation": [-0.502914,  0.680739, -0.339143,  0.410675]
						}, 
						{
							"keytime":  0.016263, 
							"rotation": [-0.502954,  0.679627, -0.339233,  0.412391]
						}, 
						{
							"keytime":  0.017513, 
							"rotation": [-0.503054,  0.678455, -0.339224,  0.414201]
						}, 
						{
							"keytime":  0.018763, 
							"rotation": [-0.503207,  0.677293, -0.339119,  0.415999]
						}, 
						{
							"keytime":  0.020013, 
							"rotation": [-0.503414,  0.676109, -0.338920,  0.417833]
						}, 
						{
							"keytime":  0.021263, 
							"rotation": [-0.503681,  0.674866, -0.338618,  0.419761]
						}, 
						{
							"keytime":  0.022513, 
							"rotation": [-0.503991,  0.673638, -0.338233,  0.421666]
						}, 
						{
							"keytime":  0.023763, 
							"rotation": [-0.504349,  0.672391, -0.337760,  0.423604]
						}, 
						{
							"keytime":  0.025013, 
							"rotation": [-0.504755,  0.671125, -0.337199,  0.425571]
						}, 
						{
							"keytime":  0.026263, 
							"rotation": [-0.505220,  0.669801, -0.336532,  0.427628]
						}, 
						{
							"keytime":  0.027513, 
							"rotation": [-0.505715,  0.668499, -0.335800,  0.429650]
						}, 
						{
							"keytime":  0.028763, 
							"rotation": [-0.506253,  0.667181, -0.334985,  0.431698]
						}, 
						{
							"keytime":  0.030013, 
							"rotation": [-0.506849,  0.665806, -0.334062,  0.433830]
						}, 
						{
							"keytime":  0.031263, 
							"rotation": [-0.507467,  0.664457, -0.333087,  0.435921]
						}, 
						{
							"keytime":  0.032513, 
							"rotation": [-0.508122,  0.663094, -0.332034,  0.438031]
						}, 
						{
							"keytime":  0.033763, 
							"rotation": [-0.508835,  0.661676, -0.330872,  0.440222]
						}, 
						{
							"keytime":  0.035013, 
							"rotation": [-0.509562,  0.660287, -0.329669,  0.442363]
						}, 
						{
							"keytime":  0.036263, 
							"rotation": [-0.510322,  0.658887, -0.328395,  0.444518]
						}, 
						{
							"keytime":  0.037513, 
							"rotation": [-0.511137,  0.657433, -0.327010,  0.446749]
						}, 
						{
							"keytime":  0.038763, 
							"rotation": [-0.511959,  0.656012, -0.325598,  0.448924]
						}, 
						{
							"keytime":  0.040013, 
							"rotation": [-0.512810,  0.654581, -0.324120,  0.451106]
						}, 
						{
							"keytime":  0.041264, 
							"rotation": [-0.513714,  0.653098, -0.322531,  0.453359]
						}, 
						{
							"keytime":  0.042514, 
							"rotation": [-0.514618,  0.651651, -0.320926,  0.455550]
						}, 
						{
							"keytime":  0.043764, 
							"rotation": [-0.515547,  0.650197, -0.319261,  0.457742]
						}, 
						{
							"keytime":  0.045014, 
							"rotation": [-0.516527,  0.648692, -0.317487,  0.460000]
						}, 
						{
							"keytime":  0.046264, 
							"rotation": [-0.517501,  0.647226, -0.315708,  0.462190]
						}, 
						{
							"keytime":  0.047514, 
							"rotation": [-0.518524,  0.645711, -0.313820,  0.464442]
						}, 
						{
							"keytime":  0.048764, 
							"rotation": [-0.519537,  0.644236, -0.311936,  0.466623]
						}, 
						{
							"keytime":  0.050014, 
							"rotation": [-0.520568,  0.642758, -0.310002,  0.468796]
						}, 
						{
							"keytime":  0.051264, 
							"rotation": [-0.521646,  0.641232, -0.307962,  0.471026]
						}, 
						{
							"keytime":  0.052514, 
							"rotation": [-0.522708,  0.639750, -0.305937,  0.473179]
						}, 
						{
							"keytime":  0.053764, 
							"rotation": [-0.523784,  0.638267, -0.303870,  0.475320]
						}, 
						{
							"keytime":  0.055014, 
							"rotation": [-0.524905,  0.636738, -0.301698,  0.477512]
						}, 
						{
							"keytime":  0.056264, 
							"rotation": [-0.526004,  0.635255, -0.299553,  0.479623]
						}, 
						{
							"keytime":  0.057514, 
							"rotation": [-0.527113,  0.633774, -0.297373,  0.481718]
						}, 
						{
							"keytime":  0.058764, 
							"rotation": [-0.528265,  0.632250, -0.295092,  0.483857]
						}, 
						{
							"keytime":  0.060014, 
							"rotation": [-0.529390,  0.630773, -0.292849,  0.485913]
						}, 
						{
							"keytime":  0.061264, 
							"rotation": [-0.530521,  0.629301, -0.290577,  0.487948]
						}, 
						{
							"keytime":  0.062514, 
							"rotation": [-0.531691,  0.627788, -0.288211,  0.490021]
						}, 
						{
							"keytime":  0.063764, 
							"rotation": [-0.532831,  0.626326, -0.285892,  0.492009]
						}, 
						{
							"keytime":  0.065014, 
							"rotation": [-0.533974,  0.624870, -0.283553,  0.493972]
						}, 
						{
							"keytime":  0.066264, 
							"rotation": [-0.535152,  0.623377, -0.281124,  0.495967]
						}, 
						{
							"keytime":  0.067514, 
							"rotation": [-0.536296,  0.621936, -0.278753,  0.497875]
						}, 
						{
							"keytime":  0.068764, 
							"rotation": [-0.537439,  0.620503, -0.276369,  0.499755]
						}, 
						{
							"keytime":  0.070014, 
							"rotation": [-0.538614,  0.619038, -0.273903,  0.501661]
						}, 
						{
							"keytime":  0.071264, 
							"rotation": [-0.539751,  0.617626, -0.271503,  0.503480]
						}, 
						{
							"keytime":  0.072514, 
							"rotation": [-0.540884,  0.616226, -0.269099,  0.505268]
						}, 
						{
							"keytime":  0.073764, 
							"rotation": [-0.542045,  0.614797, -0.266621,  0.507075]
						}, 
						{
							"keytime":  0.075014, 
							"rotation": [-0.543166,  0.613422, -0.264218,  0.508795]
						}, 
						{
							"keytime":  0.076264, 
							"rotation": [-0.544279,  0.612062, -0.261819,  0.510481]
						}, 
						{
							"keytime":  0.077514, 
							"rotation": [-0.545416,  0.610677, -0.259355,  0.512182]
						}, 
						{
							"keytime":  0.078765, 
							"rotation": [-0.546509,  0.609349, -0.256974,  0.513796]
						}, 
						{
							"keytime":  0.080015, 
							"rotation": [-0.547592,  0.608037, -0.254606,  0.515373]
						}, 
						{
							"keytime":  0.081265, 
							"rotation": [-0.548695,  0.606705, -0.252182,  0.516959]
						}, 
						{
							"keytime":  0.082515, 
							"rotation": [-0.549752,  0.605432, -0.249848,  0.518460]
						}, 
						{
							"keytime":  0.083765, 
							"rotation": [-0.550794,  0.604178, -0.247537,  0.519923]
						}, 
						{
							"keytime":  0.085015, 
							"rotation": [-0.551853,  0.602908, -0.245180,  0.521389]
						}, 
						{
							"keytime":  0.086265, 
							"rotation": [-0.552863,  0.601699, -0.242921,  0.522771]
						}, 
						{
							"keytime":  0.087515, 
							"rotation": [-0.553857,  0.600512, -0.240692,  0.524114]
						}, 
						{
							"keytime":  0.088765, 
							"rotation": [-0.554861,  0.599314, -0.238431,  0.525455]
						}, 
						{
							"keytime":  0.090015, 
							"rotation": [-0.555816,  0.598177, -0.236272,  0.526715]
						}, 
						{
							"keytime":  0.091265, 
							"rotation": [-0.556750,  0.597067, -0.234153,  0.527933]
						}, 
						{
							"keytime":  0.092515, 
							"rotation": [-0.557690,  0.595951, -0.232013,  0.529145]
						}, 
						{
							"keytime":  0.093765, 
							"rotation": [-0.558580,  0.594897, -0.229982,  0.530278]
						}, 
						{
							"keytime":  0.095015, 
							"rotation": [-0.559446,  0.593872, -0.227999,  0.531368]
						}, 
						{
							"keytime":  0.096265, 
							"rotation": [-0.560287,  0.592878, -0.226067,  0.532417]
						}, 
						{
							"keytime":  0.097515, 
							"rotation": [-0.561127,  0.591887, -0.224133,  0.533451]
						}, 
						{
							"keytime":  0.098765, 
							"rotation": [-0.561916,  0.590958, -0.222313,  0.534412]
						}, 
						{
							"keytime":  0.100015, 
							"rotation": [-0.562676,  0.590063, -0.220553,  0.535329]
						}, 
						{
							"keytime":  0.101265, 
							"rotation": [-0.563430,  0.589177, -0.218806,  0.536228]
						}, 
						{
							"keytime":  0.102515, 
							"rotation": [-0.564131,  0.588354, -0.217176,  0.537056]
						}, 
						{
							"keytime":  0.103765, 
							"rotation": [-0.564802,  0.587569, -0.215615,  0.537840]
						}, 
						{
							"keytime":  0.105015, 
							"rotation": [-0.565460,  0.586799, -0.214082,  0.538601]
						}, 
						{
							"keytime":  0.106265, 
							"rotation": [-0.566065,  0.586093, -0.212669,  0.539294]
						}, 
						{
							"keytime":  0.107515, 
							"rotation": [-0.566636,  0.585427, -0.211333,  0.539943]
						}, 
						{
							"keytime":  0.108765, 
							"rotation": [-0.567188,  0.584784, -0.210041,  0.540563]
						}, 
						{
							"keytime":  0.110015, 
							"rotation": [-0.567687,  0.584204, -0.208871,  0.541120]
						}, 
						{
							"keytime":  0.111265, 
							"rotation": [-0.568149,  0.583668, -0.207788,  0.541630]
						}, 
						{
							"keytime":  0.112515, 
							"rotation": [-0.568585,  0.583162, -0.206764,  0.542108]
						}, 
						{
							"keytime":  0.113765, 
							"rotation": [-0.568968,  0.582719, -0.205864,  0.542525]
						}, 
						{
							"keytime":  0.115015, 
							"rotation": [-0.569311,  0.582323, -0.205058,  0.542896]
						}, 
						{
							"keytime":  0.116265, 
							"rotation": [-0.569621,  0.581966, -0.204329,  0.543228]
						}, 
						{
							"keytime":  0.117515, 
							"rotation": [-0.569879,  0.581670, -0.203723,  0.543502]
						}, 
						{
							"keytime":  0.118765, 
							"rotation": [-0.570093,  0.581425, -0.203221,  0.543728]
						}, 
						{
							"keytime":  0.120015, 
							"rotation": [-0.570267,  0.581226, -0.202813,  0.543910]
						}, 
						{
							"keytime":  0.121265, 
							"rotation": [-0.570389,  0.581087, -0.202527,  0.544038]
						}, 
						{
							"keytime":  0.122515, 
							"rotation": [-0.570463,  0.581003, -0.202353,  0.544115]
						}, 
						{
							"keytime":  0.123766, 
							"rotation": [-0.570489,  0.580973, -0.202291,  0.544142]
						}, 
						{
							"keytime":  0.125016, 
							"rotation": [-0.570881,  0.580732, -0.202877,  0.543770]
						}, 
						{
							"keytime":  0.126266, 
							"rotation": [-0.572010,  0.580037, -0.204574,  0.542688]
						}, 
						{
							"keytime":  0.127516, 
							"rotation": [-0.573868,  0.578891, -0.207390,  0.540879]
						}, 
						{
							"keytime":  0.128766, 
							"rotation": [-0.576267,  0.577402, -0.211068,  0.538492]
						}, 
						{
							"keytime":  0.130016, 
							"rotation": [-0.579175,  0.575581, -0.215584,  0.535524]
						}, 
						{
							"keytime":  0.131266, 
							"rotation": [-0.582622,  0.573400, -0.221016,  0.531899]
						}, 
						{
							"keytime":  0.132516, 
							"rotation": [-0.586324,  0.571027, -0.226950,  0.527870]
						}, 
						{
							"keytime":  0.133766, 
							"rotation": [-0.590300,  0.568442, -0.233443,  0.523378]
						}, 
						{
							"keytime":  0.135016, 
							"rotation": [-0.594604,  0.565602, -0.240618,  0.518308]
						}, 
						{
							"keytime":  0.136266, 
							"rotation": [-0.598907,  0.562720, -0.247961,  0.513002]
						}, 
						{
							"keytime":  0.137516, 
							"rotation": [-0.603263,  0.559762, -0.255583,  0.507363]
						}, 
						{
							"keytime":  0.138766, 
							"rotation": [-0.607735,  0.556685, -0.263633,  0.501256]
						}, 
						{
							"keytime":  0.140016, 
							"rotation": [ 0.611994, -0.553723,  0.271546, -0.495093]
						}, 
						{
							"keytime":  0.141266, 
							"rotation": [ 0.616112, -0.550839,  0.279467, -0.488755]
						}, 
						{
							"keytime":  0.142516, 
							"rotation": [ 0.620146, -0.548009,  0.287544, -0.482103]
						}, 
						{
							"keytime":  0.143766, 
							"rotation": [ 0.623805, -0.545459,  0.295217, -0.475593]
						}, 
						{
							"keytime":  0.145016, 
							"rotation": [ 0.627160, -0.543163,  0.302639, -0.469099]
						}, 
						{
							"keytime":  0.146266, 
							"rotation": [ 0.630250, -0.541128,  0.309938, -0.462498]
						}, 
						{
							"keytime":  0.147516, 
							"rotation": [ 0.632847, -0.539537,  0.316603, -0.456254]
						}, 
						{
							"keytime":  0.148766, 
							"rotation": [ 0.635005, -0.538387,  0.322777, -0.450248]
						}, 
						{
							"keytime":  0.150016, 
							"rotation": [ 0.636725, -0.537732,  0.328543, -0.444393]
						}, 
						{
							"keytime":  0.151266, 
							"rotation": [ 0.637866, -0.537671,  0.333486, -0.439117]
						}, 
						{
							"keytime":  0.152516, 
							"rotation": [ 0.638444, -0.538239,  0.337711, -0.434327]
						}, 
						{
							"keytime":  0.153766, 
							"rotation": [ 0.638404, -0.539543,  0.341236, -0.429991]
						}, 
						{
							"keytime":  0.155016, 
							"rotation": [ 0.637702, -0.541561,  0.343782, -0.426452]
						}, 
						{
							"keytime":  0.156266, 
							"rotation": [ 0.636297, -0.544372,  0.345394, -0.423661]
						}, 
						{
							"keytime":  0.157516, 
							"rotation": [ 0.634068, -0.548222,  0.346377, -0.421228]
						}, 
						{
							"keytime":  0.158766, 
							"rotation": [ 0.631176, -0.552906,  0.347043, -0.418895]
						}, 
						{
							"keytime":  0.160016, 
							"rotation": [ 0.627612, -0.558415,  0.347440, -0.416606]
						}, 
						{
							"keytime":  0.161266, 
							"rotation": [ 0.623291, -0.564838,  0.347586, -0.414307]
						}, 
						{
							"keytime":  0.162516, 
							"rotation": [ 0.618515, -0.571683,  0.347491, -0.412151]
						}, 
						{
							"keytime":  0.163767, 
							"rotation": [ 0.613217, -0.579019,  0.347181, -0.410081]
						}, 
						{
							"keytime":  0.165017, 
							"rotation": [ 0.607269, -0.586980,  0.346656, -0.408054]
						}, 
						{
							"keytime":  0.166267, 
							"rotation": [ 0.601079, -0.594986,  0.345970, -0.406201]
						}, 
						{
							"keytime":  0.167517, 
							"rotation": [-0.594540,  0.603167, -0.345130,  0.404471]
						}, 
						{
							"keytime":  0.168767, 
							"rotation": [-0.587506,  0.611673, -0.344127,  0.402826]
						}, 
						{
							"keytime":  0.170017, 
							"rotation": [-0.580462,  0.619909, -0.343045,  0.401369]
						}, 
						{
							"keytime":  0.171267, 
							"rotation": [-0.573280,  0.628035, -0.341877,  0.400052]
						}, 
						{
							"keytime":  0.172517, 
							"rotation": [-0.565819,  0.636204, -0.340611,  0.398845]
						}, 
						{
							"keytime":  0.173767, 
							"rotation": [-0.558603,  0.643854, -0.339345,  0.397818]
						}, 
						{
							"keytime":  0.175017, 
							"rotation": [-0.551501,  0.651157, -0.338067,  0.396928]
						}, 
						{
							"keytime":  0.176267, 
							"rotation": [-0.544399,  0.658244, -0.336763,  0.396151]
						}, 
						{
							"keytime":  0.177517, 
							"rotation": [-0.537809,  0.664635, -0.335533,  0.395523]
						}, 
						{
							"keytime":  0.178767, 
							"rotation": [-0.531616,  0.670486, -0.334363,  0.395012]
						}, 
						{
							"keytime":  0.180017, 
							"rotation": [-0.525754,  0.675890, -0.333243,  0.394595]
						}, 
						{
							"keytime":  0.181267, 
							"rotation": [-0.520668,  0.680475, -0.332264,  0.394284]
						}, 
						{
							"keytime":  0.182517, 
							"rotation": [-0.516156,  0.684463, -0.331389,  0.394049]
						}, 
						{
