{
	"version": "0.7", 
	"id": "", 
	"meshes": [], 
	"materials": [], 
	"nodes": [
		{
			"id": "Bip001", 
			"skeleton": false, 
			"transform": [ 0.000000, -0.995937,  0.090050,  0.000000,  1.000000,  0.000000, -0.000001,  0.000000,  0.000001,  0.090050,  0.995937,  0.000000,  0.000000,  154.490250, -100.981346,  1.000000], 
			"children": [
				{
					"id": "Bip001 Pelvis", 
					"skeleton": false, 
					"transform": [ 0.000000,  0.000000,  1.000000,  0.000000,  1.000000,  0.000001, -0.000000,  0.000000, -0.000001,  1.000000,  0.000000,  0.000000,  0.000000,  0.000000,  0.000000,  1.000000], 
					"children": [
						{
							"id": "Bip001 Spine", 
							"skeleton": false, 
							"transform": [ 0.995166, -0.098206, -0.000684,  0.000000,  0.098206,  0.995166,  0.000010,  0.000000,  0.000680, -0.000077,  1.000000,  0.000000,  35.315414, -0.009171,  0.000049,  1.000000], 
							"children": [
								{
									"id": "Bip001 Spine1", 
									"skeleton": false, 
									"transform": [ 0.877457,  0.479656, -0.000508,  0.000000, -0.479655,  0.877457,  0.000258,  0.000000,  0.000570,  0.000018,  1.000000,  0.000000,  11.574173, -0.037216, -0.000011,  1.000000], 
									"children": [
										{
											"id": "Bip001 Spine2", 
											"skeleton": false, 
											"transform": [ 0.979361,  0.202116,  0.000899,  0.000000, -0.202116,  0.979362,  0.000592,  0.000000, -0.000761, -0.000761,  0.999999,  0.000000,  53.239033, -0.041916, -0.000025,  1.000000], 
											"children": [
												{
													"id": "Bip001 Neck", 
													"skeleton": false, 
													"transform": [-0.268086, -0.963395, -0.000779,  0.000000,  0.963395, -0.268086, -0.000126,  0.000000, -0.000088, -0.000784,  1.000000,  0.000000,  73.559746, -24.685318, -0.000124,  1.000000], 
													"children": [
														{
															"id": "Bip001 Neck1", 
															"skeleton": false, 
															"transform": [ 0.980833, -0.194851,  0.000693,  0.000000,  0.194850,  0.980833,  0.000444,  0.000000, -0.000766, -0.000301,  1.000000,  0.000000,  51.735550, -0.033207, -0.000015,  1.000000], 
															"children": [
																{
																	"id": "Bip001 Neck2", 
																	"skeleton": false, 
																	"transform": [ 0.986503,  0.163739,  0.001018,  0.000000, -0.163740,  0.986503,  0.000328,  0.000000, -0.000951, -0.000490,  0.999999,  0.000000,  42.533188, -0.036858, -0.000012,  1.000000], 
																	"children": [
																		{
																			"id": "Bip001 Neck3", 
																			"skeleton": false, 
																			"transform": [ 0.789585,  0.613641,  0.000786,  0.000000, -0.613641,  0.789585, -0.000061,  0.000000, -0.000658, -0.000434,  1.000000,  0.000000,  46.922638, -0.034653,  0.000003,  1.000000], 
																			"children": [
																				{
																					"id": "Bip001 Neck4", 
																					"skeleton": false, 
																					"transform": [ 0.781693,  0.623663, -0.000038,  0.000000, -0.623663,  0.781693, -0.000007,  0.000000,  0.000025,  0.000029,  1.000000,  0.000000,  55.138580, -0.041199,  0.000000,  1.000000], 
																					"children": [
																						{
																							"id": "Bip001 Head", 
																							"skeleton": false, 
																							"transform": [ 0.893600,  0.431368,  0.124100,  0.000000, -0.418608,  0.900669, -0.116458,  0.000000, -0.162009,  0.052118,  0.985412,  0.000000,  66.134460, -0.000000, -0.000000,  1.000000], 
																							"children": [
																								{
																									"id": "Bone001", 
																									"skeleton": false, 
																									"transform": [ 0.948465,  0.316375,  0.017887,  0.000000,  0.316807, -0.945519, -0.075014,  0.000000, -0.006821,  0.076815, -0.997022,  0.000000,  52.046227,  36.381012,  2.447540,  1.000000]
																								}, 
																								{
																									"id": "Bone035", 
																									"skeleton": false, 
																									"transform": [ 0.937675,  0.346332,  0.028609,  0.000000,  0.347502, -0.933839, -0.084781,  0.000000, -0.002646,  0.089439, -0.995988,  0.000000,  26.271423,  14.420044,  3.238010,  1.000000]
																								}, 
																								{
																									"id": "Bone037", 
																									"skeleton": false, 
																									"transform": [ 0.000537, -0.026688,  0.322025,  0.000000, -0.665427, -0.744003, -0.060549,  0.000000,  0.746461, -0.663052, -0.056196,  0.000000,  68.098015,  0.883362,  8.033890,  1.000000]
																								}, 
																								{
																									"id": "Bone036", 
																									"skeleton": false, 
																									"transform": [-0.009636, -0.006702,  0.322916,  0.000000, -0.831790, -0.553902, -0.036316,  0.000000,  0.554289, -0.832324, -0.000735,  0.000000,  86.631264, -17.807434, -12.558701,  1.000000]
																								}
																							]
																						}
																					]
																				}
																			]
																		}
																	]
																}
															]
														}, 
														{
															"id": "Bip001 L Clavicle", 
															"skeleton": false, 
															"transform": [-0.005769, -0.189226,  0.981917,  0.000000,  0.962036,  0.266887,  0.057084,  0.000000, -0.272863,  0.944968,  0.180503,  0.000000, -13.755432, -4.768116,  33.773506,  1.000000], 
															"children": [
																{
																	"id": "Bip001 L UpperArm", 
																	"skeleton": false, 
																	"transform": [-0.160570, -0.818346,  0.551840,  0.000000,  0.158928, -0.573236, -0.803830,  0.000000,  0.974146, -0.041368,  0.222103,  0.000000,  48.508049,  0.000000,  0.000000,  1.000000], 
																	"children": [
																		{
																			"id": "Bip001 L Forearm", 
																			"skeleton": false, 
																			"transform": [ 0.736513, -0.676423, -0.000000,  0.000000,  0.676423,  0.736513, -0.000000,  0.000000, -0.000000,  0.000000,  1.000000,  0.000000,  71.447151,  0.000000, -0.000008,  1.000000], 
																			"children": [
																				{
																					"id": "Bip001 L Hand", 
																					"skeleton": false, 
																					"transform": [ 0.647177, -0.753856,  0.113415,  0.000000,  0.722802,  0.654072,  0.223041,  0.000000, -0.242323, -0.062370,  0.968189,  0.000000,  68.989609,  0.000008,  0.000008,  1.000000], 
																					"children": [
																						{
																							"id": "Bip001 L Finger0", 
																							"skeleton": false, 
																							"transform": [ 0.903865,  0.409900,  0.122515,  0.000000, -0.372747,  0.895084, -0.244713,  0.000000, -0.209969,  0.175521,  0.961824,  0.000000,  38.387299,  0.000002, -0.000008,  1.000000]
																						}
																					]
																				}
																			]
																		}
																	]
																}
															]
														}, 
														{
															"id": "Bip001 R Clavicle", 
															"skeleton": false, 
															"transform": [ 0.067903, -0.833895, -0.547730,  0.000000,  0.926105,  0.256890, -0.276292,  0.000000,  0.371105, -0.488494,  0.789718,  0.000000, -13.702988, -4.759678, -33.795898,  1.000000], 
															"children": [
																{
																	"id": "Bip001 R UpperArm", 
																	"skeleton": false, 
																	"transform": [ 0.210509, -0.968244, -0.134871,  0.000000,  0.772432,  0.080179,  0.630017,  0.000000, -0.599196, -0.236803,  0.764781,  0.000000,  48.508041, -0.000015, -0.000008,  1.000000], 
																	"children": [
																		{
																			"id": "Bip001 R Forearm", 
																			"skeleton": false, 
																			"transform": [ 0.529611, -0.848241, -0.000000,  0.000000,  0.848241,  0.529611,  0.000000,  0.000000,  0.000000,  0.000000,  1.000000,  0.000000,  71.447144, -0.000008,  0.000004,  1.000000], 
																			"children": [
																				{
																					"id": "Bip001 R Hand", 
																					"skeleton": false, 
																					"transform": [ 0.308613, -0.937800,  0.159024,  0.000000,  0.932441,  0.331302,  0.144198,  0.000000, -0.187914,  0.103779,  0.976687,  0.000000,  68.989601,  0.000004,  0.000000,  1.000000], 
																					"children": [
																						{
																							"id": "Bip001 R Finger0", 
																							"skeleton": false, 
																							"transform": [ 0.965189,  0.234636, -0.115572,  0.000000, -0.255072,  0.942159, -0.217427,  0.000000,  0.057871,  0.239337,  0.969210,  0.000000,  38.387295, -0.000000, -0.000000,  1.000000]
																						}
																					]
																				}
																			]
																		}
																	]
																}
															]
														}
													]
												}, 
												{
													"id": "Bone045(mirrored)", 
													"skeleton": false, 
													"transform": [-0.649800, -0.413249, -0.637954,  0.000000,  0.100578,  0.785170, -0.611057,  0.000000,  0.753421, -0.461230, -0.468640,  0.000000,  2.160767, -57.481339, -47.128391,  1.000000], 
													"children": [
														{
															"id": "Bone039(mirrored)", 
															"skeleton": false, 
															"transform": [ 0.879092, -0.320104, -0.353173,  0.000000,  0.246558,  0.939496, -0.237814,  0.000000,  0.407930,  0.121983,  0.904828,  0.000000,  57.621628, -0.093903, -0.000015,  1.000000], 
															"children": [
																{
																	"id": "Bone040(mirrored)", 
																	"skeleton": false, 
																	"transform": [ 0.921842, -0.322424,  0.215058,  0.000000,  0.325420,  0.945306,  0.022333,  0.000000, -0.210496,  0.049396,  0.976346,  0.000000,  68.437210, -0.000031, -0.000008,  1.000000], 
																	"children": [
																		{
																			"id": "Bone046(mirrored)", 
																			"skeleton": false, 
																			"transform": [ 0.999232, -0.013956, -0.036613,  0.000000,  0.019567, -0.631826,  0.774863,  0.000000, -0.033947, -0.774984, -0.631068,  0.000000,  65.171326, -0.000099, -0.000065,  1.000000], 
																			"children": [
																				{
																					"id": "Bone047(mirrored)", 
																					"skeleton": false, 
																					"transform": [ 0.995138,  0.011393,  0.097830,  0.000000, -0.001794,  0.995219, -0.097654,  0.000000, -0.098475,  0.097004,  0.990400,  0.000000,  91.194366, -0.000011, -0.000011,  1.000000], 
																					"children": [
																						{
																							"id": "Bone052(mirrored)", 
																							"skeleton": false, 
																							"transform": [-0.813363, -0.521545, -0.257744,  0.000000, -0.003266, -0.438944,  0.898508,  0.000000, -0.581748,  0.731655,  0.355318,  0.000000,  97.336609, -22.929054, -16.008301,  1.000000]
																						}, 
																						{
																							"id": "Bone048(mirrored)", 
																							"skeleton": false, 
																							"transform": [-0.174632, -0.961973, -0.210027,  0.000000, -0.442727,  0.267240, -0.855906,  0.000000,  0.879486, -0.056484, -0.472560,  0.000000,  110.863098,  22.689251,  3.509895,  1.000000], 
																							"children": [
																								{
																									"id": "Bone049(mirrored)", 
																									"skeleton": false, 
																									"transform": [ 0.984824,  0.168076,  0.043263,  0.000000, -0.116528,  0.825092, -0.552852,  0.000000, -0.128617,  0.539420,  0.832156,  0.000000,  137.919479,  0.002838, -0.000061,  1.000000], 
																									"children": [
																										{
																											"id": "Bone050(mirrored)", 
																											"skeleton": false, 
																											"transform": [ 0.943991,  0.308013, -0.118360,  0.000000, -0.315949,  0.947181, -0.054995,  0.000000,  0.095169,  0.089311,  0.991447,  0.000000,  138.908142, -0.000488,  0.000122,  1.000000]
																										}
																									]
																								}
																							]
																						}
																					]
																				}
																			]
																		}
																	]
																}, 
																{
																	"id": "Bone054(mirrored)", 
																	"skeleton": false, 
																	"transform": [-0.263385,  0.516734, -0.814625,  0.000000,  0.234623, -0.784774, -0.573657,  0.000000, -0.935725, -0.342222,  0.085460,  0.000000,  74.381882, -0.627548, -5.115105,  1.000000]
																}
															]
														}
													]
												}, 
												{
													"id": "Bone045", 
													"skeleton": false, 
													"transform": [-0.469733, -0.473418,  0.745135,  0.000000,  0.183268, -0.877956, -0.442273,  0.000000,  0.863576, -0.071191,  0.499167,  0.000000,  3.204254, -56.266327,  44.017643,  1.000000], 
													"children": [
														{
															"id": "Bone039", 
															"skeleton": false, 
															"transform": [ 0.748076,  0.067168, -0.660205,  0.000000, -0.217653,  0.964667, -0.148478,  0.000000,  0.626905,  0.254768,  0.736263,  0.000000,  57.621628,  0.093887, -0.000004,  1.000000], 
															"children": [
																{
																	"id": "Bone040", 
																	"skeleton": false, 
																	"transform": [ 0.956695,  0.169059,  0.236967,  0.000000, -0.201546,  0.972077,  0.120186,  0.000000, -0.210032, -0.162741,  0.964055,  0.000000,  68.437225,  0.000015, -0.000015,  1.000000], 
																	"children": [
																		{
																			"id": "Bone046", 
																			"skeleton": false, 
																			"transform": [ 0.949252,  0.222551,  0.222242,  0.000000,  0.312679, -0.591499, -0.743210,  0.000000, -0.033946,  0.774984, -0.631069,  0.000000,  65.171387,  0.000122, -0.000061,  1.000000], 
																			"children": [
																				{
																					"id": "Bone047", 
																					"skeleton": false, 
																					"transform": [ 0.968760,  0.033168, -0.245771,  0.000000,  0.046663,  0.948936,  0.311998,  0.000000,  0.243570, -0.313720,  0.917743,  0.000000,  91.194397,  0.000008,  0.000000,  1.000000], 
																					"children": [
																						{
																							"id": "Bone052", 
																							"skeleton": false, 
																							"transform": [-0.918456,  0.343666, -0.195784,  0.000000, -0.026844, -0.548023, -0.836032,  0.000000, -0.394610, -0.762604,  0.512561,  0.000000,  97.336670,  22.929062, -16.008255,  1.000000]
																						}, 
																						{
																							"id": "Bone048", 
																							"skeleton": false, 
																							"transform": [-0.304150,  0.761642, -0.572184,  0.000000,  0.470807,  0.642339,  0.604765,  0.000000,  0.828150, -0.085449, -0.553954,  0.000000,  110.863037, -22.689220,  3.509872,  1.000000], 
																							"children": [
																								{
																									"id": "Bone049", 
																									"skeleton": false, 
																									"transform": [ 0.975626, -0.159180, -0.151047,  0.000000,  0.167762,  0.984763,  0.045800,  0.000000,  0.141455, -0.070024,  0.987465,  0.000000,  137.919525, -0.002838,  0.000000,  1.000000], 
																									"children": [
																										{
																											"id": "Bone050", 
																											"skeleton": false, 
																											"transform": [ 0.933252, -0.306640, -0.187120,  0.000000,  0.224999,  0.905038, -0.360945,  0.000000,  0.280031,  0.294751,  0.913622,  0.000000,  138.908081,  0.000488,  0.000031,  1.000000]
																										}
																									]
																								}
																							]
																						}
																					]
																				}
																			]
																		}
																	]
																}, 
																{
																	"id": "Bone054", 
																	"skeleton": false, 
																	"transform": [-0.215741, -0.352751, -0.910507,  0.000000, -0.820543, -0.439968,  0.364878,  0.000000, -0.529305,  0.825830, -0.194529,  0.000000,  74.381897,  0.627510, -5.115097,  1.000000]
																}
															]
														}
													]
												}
											]
										}
									]
								}, 
								{
									"id": "Bip001 L Thigh", 
									"skeleton": false, 
									"transform": [-0.695309,  0.708902,  0.118336,  0.000000,  0.682473,  0.599616,  0.417961,  0.000000,  0.225337,  0.371373, -0.900725,  0.000000, -35.183189, -3.458481,  54.802639,  1.000000], 
									"children": [
										{
											"id": "Bip001 L Calf", 
											"skeleton": false, 
											"transform": [ 0.938338, -0.345719, -0.000000,  0.000000,  0.345719,  0.938338, -0.000000,  0.000000,  0.000000, -0.000000,  1.000000,  0.000000,  68.548302, -0.000008, -0.000015,  1.000000], 
											"children": [
												{
													"id": "Bip001 L HorseLink", 
													"skeleton": false, 
													"transform": [ 0.560339,  0.828263,  0.000000,  0.000000, -0.828263,  0.560339,  0.000000,  0.000000,  0.000000, -0.000000,  1.000000,  0.000000,  57.532143, -0.000000,  0.000000,  1.000000], 
													"children": [
														{
															"id": "Bip001 L Foot", 
															"skeleton": false, 
															"transform": [ 0.940360, -0.105128,  0.323528,  0.000000,  0.080073,  0.992732,  0.089844,  0.000000, -0.330622, -0.058580,  0.941943,  0.000000,  49.186455, -0.000015,  0.000000,  1.000000], 
															"children": [
																{
																	"id": "Bip001 L Toe0", 
																	"skeleton": false, 
																	"transform": [ 0.000000,  1.000000, -0.000000,  0.000000, -1.000000, -0.000000, -0.000000,  0.000000, -0.000000,  0.000000,  1.000000,  0.000000,  16.149719,  30.085220, -0.000008,  1.000000]
																}
															]
														}
													]
												}
											]
										}
									]
								}, 
								{
									"id": "Bip001 R Thigh", 
									"skeleton": false, 
									"transform": [ 0.324574,  0.922964, -0.206854,  0.000000,  0.927043, -0.353822, -0.124104,  0.000000, -0.187733, -0.151482, -0.970469,  0.000000, -35.107979, -3.459686, -54.850773,  1.000000], 
									"children": [
										{
											"id": "Bip001 R Calf", 
											"skeleton": false, 
											"transform": [ 0.072519, -0.997367, -0.000000,  0.000000,  0.997367,  0.072519, -0.000000,  0.000000,  0.000000,  0.000000,  1.000000,  0.000000,  68.548309,  0.000008, -0.000015,  1.000000], 
											"children": [
												{
													"id": "Bip001 R HorseLink", 
													"skeleton": false, 
													"transform": [ 0.337116,  0.941463,  0.000000,  0.000000, -0.941463,  0.337117,  0.000000,  0.000000,  0.000000, -0.000000,  1.000000,  0.000000,  57.532154,  0.000000,  0.000008,  1.000000], 
													"children": [
														{
															"id": "Bip001 R Foot", 
															"skeleton": false, 
															"transform": [ 0.955271, -0.272836, -0.114096,  0.000000,  0.282017,  0.956569,  0.073769,  0.000000,  0.089014, -0.102646,  0.990727,  0.000000,  49.186455, -0.000008, -0.000008,  1.000000], 
															"children": [
																{
																	"id": "Bip001 R Toe0", 
																	"skeleton": false, 
																	"transform": [ 0.000000,  1.000000,  0.000000,  0.000000, -1.000000, -0.000000,  0.000000,  0.000000,  0.000000, -0.000000,  1.000000,  0.000000,  16.149715,  30.085228, -0.000008,  1.000000]
																}
															]
														}
													]
												}
											]
										}
									]
								}
							]
						}
					]
				}, 
				{
					"id": "Bone002", 
					"skeleton": false, 
					"transform": [ 0.605880, -0.379302, -0.699314,  0.000000,  0.785022,  0.142470,  0.602862,  0.000000, -0.129036, -0.914239,  0.384080,  0.000000, -8.079926,  0.000015, -32.554062,  1.000000], 
					"children": [
						{
							"id": "Bone003", 
							"skeleton": false, 
							"transform": [ 0.986257, -0.161939, -0.032747,  0.000000,  0.162040,  0.986784,  0.000431,  0.000000,  0.032245, -0.005731,  0.999464,  0.000000,  61.535995, -0.000000, -0.000002,  1.000000], 
							"children": [
								{
									"id": "Bone004", 
									"skeleton": false, 
									"transform": [ 0.992231, -0.065220, -0.105948,  0.000000,  0.065788,  0.997832,  0.001865,  0.000000,  0.105596, -0.008821,  0.994370,  0.000000,  60.536354, -0.000031,  0.000008,  1.000000], 
									"children": [
										{
											"id": "Bone005", 
											"skeleton": false, 
											"transform": [ 0.980250, -0.048117, -0.191821,  0.000000,  0.049712,  0.998757,  0.003511,  0.000000,  0.191413, -0.012978,  0.981424,  0.000000,  68.017578, -0.000015, -0.000006,  1.000000], 
											"children": [
												{
													"id": "Bone006", 
													"skeleton": false, 
													"transform": [ 0.953506, -0.114822, -0.278641,  0.000000,  0.119155,  0.992874, -0.001393,  0.000000,  0.276816, -0.031874,  0.960394,  0.000000,  86.288803, -0.000137,  0.000008,  1.000000], 
													"children": [
														{
															"id": "Bone007", 
															"skeleton": false, 
															"transform": [ 0.926196, -0.013318, -0.376808,  0.000000,  0.003878,  0.999660, -0.025801,  0.000000,  0.377023,  0.022435,  0.925932,  0.000000,  94.313416, -0.000015,  0.000000,  1.000000], 
															"children": [
																{
																	"id": "Bone008", 
																	"skeleton": false, 
																	"transform": [ 0.917155, -0.034243,  0.397058,  0.000000,  0.026190,  0.999327,  0.025688,  0.000000, -0.397670, -0.013161,  0.917434,  0.000000,  73.354858,  0.000031,  0.000000,  1.000000]
																}
															]
														}
													]
												}
											]
										}
									]
								}
							]
						}
					]
				}
			]
		}
	], 
	"animations": [
		{
			"id": "Take 001", 
			"length":  5.000000, 
			"bones": [
				{
					"boneId": "Bip001", 
					"keyframes": [
						{
							"keytime":  0.000000, 
							"rotation": [-0.031870, -0.031870, -0.706388,  0.706388], 
							"scale": [ 1.000000,  1.000000,  1.000000], 
							"translation": [ 0.000000,  154.490250, -100.981346]
						}, 
						{
							"keytime":  0.006667, 
							"rotation": [-0.032046, -0.031694, -0.706396,  0.706380], 
							"translation": [-0.090467,  154.493759, -100.921471]
						}, 
						{
							"keytime":  0.013333, 
							"rotation": [-0.032229, -0.031511, -0.706404,  0.706372], 
							"translation": [-0.188458,  154.529816, -100.860458]
						}, 
						{
							"keytime":  0.020000, 
							"translation": [-0.294452,  154.583786, -100.796295]
						}, 
						{
							"keytime":  0.026667, 
							"rotation": [-0.032626, -0.031114, -0.706422,  0.706354], 
							"translation": [-0.399499,  154.635956, -100.732529]
						}, 
						{
							"keytime":  0.033333, 
							"rotation": [-0.032831, -0.030909, -0.706431,  0.706344], 
							"translation": [-0.503970,  154.671448, -100.667175]
						}, 
						{
							"keytime":  0.040000, 
							"rotation": [-0.033043, -0.030697, -0.706440,  0.706334], 
							"translation": [-0.605190,  154.673920, -100.599968]
						}, 
						{
							"keytime":  0.046667, 
							"translation": [-0.703242,  154.624741, -100.528694]
						}, 
						{
							"keytime":  0.053333, 
							"rotation": [-0.033488, -0.030252, -0.706459,  0.706313], 
							"translation": [-0.789640,  154.510254, -100.457306]
						}, 
						{
							"keytime":  0.060000, 
							"rotation": [-0.033719, -0.030021, -0.706469,  0.706302], 
							"translation": [-0.866742,  154.306030, -100.381294]
						}, 
						{
							"keytime":  0.066667, 
							"translation": [-0.935220,  154.058014, -100.305450]
						}, 
						{
							"keytime":  0.073333, 
							"rotation": [-0.034177, -0.029562, -0.706489,  0.706280], 
							"translation": [-1.004462,  153.806549, -100.228050]
						}, 
						{
							"keytime":  0.080000, 
							"rotation": [-0.034417, -0.029323, -0.706499,  0.706269], 
							"translation": [-1.076449,  153.543655, -100.146851]
						}, 
						{
							"keytime":  0.086667, 
							"translation": [-1.146800,  153.284790, -100.066780]
						}, 
						{
							"keytime":  0.093333, 
							"rotation": [-0.034882, -0.028857, -0.706518,  0.706246], 
							"translation": [-1.217481,  153.022064, -99.985611]
						}, 
						{
							"keytime":  0.100000, 
							"rotation": [-0.035122, -0.028617, -0.706527,  0.706234], 
							"translation": [-1.290496,  152.747284, -99.901031]
						}, 
						{
							"keytime":  0.106667, 
							"rotation": [-0.035354, -0.028385, -0.706537,  0.706222], 
							"translation": [-1.361404,  152.476486, -99.818123]
						}, 
						{
							"keytime":  0.113333, 
							"rotation": [-0.035584, -0.028155, -0.706546,  0.706211], 
							"translation": [-1.432208,  152.201553, -99.734589]
						}, 
						{
							"keytime":  0.120000, 
							"rotation": [-0.035818, -0.027921, -0.706555,  0.706199], 
							"translation": [-1.504895,  151.913864, -99.648010]
						}, 
						{
							"keytime":  0.126667, 
							"rotation": [-0.036042, -0.027697, -0.706564,  0.706188], 
							"translation": [-1.575045,  151.630173, -99.563637]
						}, 
						{
							"keytime":  0.133333, 
							"rotation": [-0.036261, -0.027478, -0.706573,  0.706176], 
							"translation": [-1.644657,  151.342041, -99.479095]
						}, 
						{
							"keytime":  0.140000, 
							"translation": [-1.713586,  151.049316, -99.394508]
						}, 
						{
							"keytime":  0.146667, 
							"rotation": [-0.036692, -0.027046, -0.706589,  0.706154], 
							"translation": [-1.783738,  150.742783, -99.307487]
						}, 
						{
							"keytime":  0.153333, 
							"rotation": [-0.036895, -0.026843, -0.706597,  0.706144], 
							"translation": [-1.850842,  150.440430, -99.223312]
						}, 
						{
							"keytime":  0.160000, 
							"translation": [-1.916829,  150.133118, -99.139565]
						}, 
						{
							"keytime":  0.166667, 
							"rotation": [-0.037287, -0.026451, -0.706612,  0.706123], 
							"translation": [-1.983495,  149.811279, -99.053886]
						}, 
						{
							"keytime":  0.173333, 
							"rotation": [-0.037468, -0.026270, -0.706619,  0.706114], 
							"translation": [-2.046775,  149.493652, -98.971443]
						}, 
						{
							"keytime":  0.180000, 
							"rotation": [-0.037639, -0.026098, -0.706625,  0.706104], 
							"translation": [-2.108504,  149.170807, -98.889877]
						}, 
						{
							"keytime":  0.186667, 
							"rotation": [-0.037807, -0.025931, -0.706631,  0.706095], 
							"translation": [-2.170330,  148.832581, -98.806938]
						}, 
						{
							"keytime":  0.193333, 
							"rotation": [-0.037958, -0.025779, -0.706637,  0.706087], 
							"translation": [-2.228470,  148.498734, -98.727631]
						}, 
						{
							"keytime":  0.200000, 
							"rotation": [-0.038099, -0.025638, -0.706642,  0.706080], 
							"translation": [-2.284626,  148.159317, -98.649643]
						}, 
						{
							"keytime":  0.206667, 
							"rotation": [-0.038232, -0.025505, -0.706647,  0.706072], 
							"translation": [-2.340255,  147.803650, -98.570847]
						}, 
						{
							"keytime":  0.213333, 
							"rotation": [-0.038349, -0.025389, -0.706651,  0.706066], 
							"translation": [-2.391941,  147.452545, -98.496048]
						}, 
						{
							"keytime":  0.220000, 
							"rotation": [-0.038452, -0.025285, -0.706654,  0.706061], 
							"translation": [-2.441208,  147.095566, -98.423019]
						}, 
						{
							"keytime":  0.226667, 
							"rotation": [-0.038544, -0.025193, -0.706658,  0.706056], 
							"translation": [-2.489285,  146.721481, -98.349808]
						}, 
						{
							"keytime":  0.233333, 
							"rotation": [-0.038619, -0.025118, -0.706660,  0.706051], 
							"translation": [-2.533201,  146.352127, -98.280869]
						}, 
						{
							"keytime":  0.240000, 
							"rotation": [-0.038680, -0.025057, -0.706663,  0.706048], 
							"translation": [-2.575460,  145.965088, -98.212189]
						}, 
						{
							"keytime":  0.246667, 
							"rotation": [-0.038723, -0.025014, -0.706664,  0.706046], 
							"translation": [-2.613433,  145.582993, -98.147949]
						}, 
						{
							"keytime":  0.253333, 
							"rotation": [-0.038750, -0.024987, -0.706665,  0.706044], 
							"translation": [-2.648263,  145.194427, -98.086273]
						}, 
						{
							"keytime":  0.260000, 
							"rotation": [-0.038760, -0.024977, -0.706665,  0.706044], 
							"translation": [-2.680707,  144.787201, -98.025528]
						}, 
						{
							"keytime":  0.266667, 
							"rotation": [-0.038759, -0.024978, -0.706665,  0.706044], 
							"translation": [-2.710226,  144.379135, -97.967300]
						}, 
						{
							"keytime":  0.273333, 
							"translation": [-2.739244,  143.953125, -97.907768]
						}, 
						{
							"keytime":  0.280000, 
							"rotation": [-0.038749, -0.024988, -0.706665,  0.706044], 
							"translation": [-2.768544,  143.496704, -97.845261]
						}, 
						{
							"keytime":  0.286667, 
							"rotation": [-0.038742, -0.024995, -0.706665,  0.706045], 
							"translation": [-2.796328,  143.038071, -97.783653]
						}, 
						{
							"keytime":  0.293333, 
							"rotation": [-0.038732, -0.025005, -0.706664,  0.706045], 
							"translation": [-2.823400,  142.565247, -97.721321]
						}, 
						{
							"keytime":  0.300000, 
							"translation": [-2.850469,  142.064545, -97.656540]
						}, 
						{
							"keytime":  0.306667, 
							"rotation": [-0.038706, -0.025031, -0.706664,  0.706047], 
							"translation": [-2.875874,  141.566757, -97.593307]
						}, 
						{
							"keytime":  0.313333, 
							"rotation": [-0.038691, -0.025046, -0.706663,  0.706048], 
							"translation": [-2.900352,  141.058548, -97.529930]
						}, 
						{
							"keytime":  0.320000, 
							"translation": [-2.924526,  140.525421, -97.464676]
						}, 
						{
							"keytime":  0.326667, 
							"rotation": [-0.038652, -0.025085, -0.706662,  0.706050], 
							"translation": [-2.946905,  139.999954, -97.401566]
						}, 
						{
							"keytime":  0.333333, 
							"rotation": [-0.038631, -0.025106, -0.706661,  0.706051], 
							"translation": [-2.968143,  139.467850, -97.338890]
						}, 
						{
							"keytime":  0.340000, 
							"translation": [-2.988759,  138.914017, -97.274963]
						}, 
						{
							"keytime":  0.346667, 
							"rotation": [-0.038581, -0.025156, -0.706659,  0.706054], 
							"translation": [-3.007466,  138.372345, -97.213737]
						}, 
						{
							"keytime":  0.353333, 
							"rotation": [-0.038554, -0.025183, -0.706658,  0.706055], 
							"translation": [-3.024820,  137.827805, -97.153519]
						}, 
						{
							"keytime":  0.360000, 
							"translation": [-3.041210,  137.265106, -97.092728]
						}, 
						{
							"keytime":  0.366667, 
							"rotation": [-0.038493, -0.025244, -0.706656,  0.706058], 
							"translation": [-3.055600,  136.718597, -97.035126]
						}, 
						{
							"keytime":  0.373333, 
							"rotation": [-0.038460, -0.025277, -0.706655,  0.706060], 
							"translation": [-3.068424,  136.173065, -96.979126]
						}, 
						{
							"keytime":  0.380000, 
							"translation": [-3.079924,  135.613342, -96.923264]
						}, 
						{
							"keytime":  0.386667, 
							"rotation": [-0.038389, -0.025348, -0.706652,  0.706064], 
							"translation": [-3.089351,  135.073563, -96.871063]
						}, 
						{
							"keytime":  0.393334, 
							"rotation": [-0.038352, -0.025385, -0.706651,  0.706066], 
							"translation": [-3.096999,  134.538483, -96.821007]
						}, 
						{
							"keytime":  0.400000, 
							"translation": [-3.102943,  133.993469, -96.771904]
						}, 
						{
							"keytime":  0.406667, 
							"rotation": [-0.038271, -0.025467, -0.706648,  0.706070], 
							"translation": [-3.106762,  133.471786, -96.726822]
						}, 
						{
							"keytime":  0.413334, 
							"rotation": [-0.038228, -0.025510, -0.706647,  0.706073], 
							"translation": [-3.108588,  132.958649, -96.684479]
						}, 
						{
							"keytime":  0.420000, 
							"translation": [-3.108312,  132.440170, -96.643936]
						}, 
						{
							"keytime":  0.426667, 
							"rotation": [-0.038137, -0.025600, -0.706643,  0.706078], 
							"translation": [-3.105876,  131.948120, -96.607742]
						}, 
						{
							"keytime":  0.433333, 
							"rotation": [-0.038091, -0.025647, -0.706641,  0.706080], 
							"translation": [-3.101236,  131.468338, -96.574852]
						}, 
						{
							"keytime":  0.440000, 
							"translation": [-3.094074,  130.988174, -96.544678]
						}, 
						{
							"keytime":  0.446667, 
							"rotation": [-0.037991, -0.025747, -0.706638,  0.706086], 
							"translation": [-3.084739,  130.537186, -96.519112]
						}, 
						{
							"keytime":  0.453333, 
							"rotation": [-0.037940, -0.025798, -0.706636,  0.706088], 
							"translation": [-3.072986,  130.102219, -96.497459]
						}, 
						{
							"keytime":  0.460000, 
							"translation": [-3.058272,  129.672211, -96.479416]
						}, 
						{
							"keytime":  0.466667, 
							"translation": [-3.041393,  129.273712, -96.466270]
						}, 
						{
							"keytime":  0.473333, 
							"rotation": [-0.037777, -0.025961, -0.706630,  0.706097], 
							"translation": [-3.021881,  128.895035, -96.457573]
						}, 
						{
							"keytime":  0.480000, 
							"translation": [-2.998950,  128.526962, -96.453491]
						}, 
						{
							"keytime":  0.486667, 
							"translation": [-2.973879,  128.192429, -96.454475]
						}, 
						{
							"keytime":  0.493333, 
							"rotation": [-0.037603, -0.026135, -0.706624,  0.706106], 
							"translation": [-2.945964,  127.881485, -96.460510]
						}, 
						{
							"keytime":  0.500000, 
							"translation": [-2.914153,  127.587166, -96.472198]
						}, 
						{
							"keytime":  0.506667, 
							"translation": [-2.880248,  127.328072, -96.489075]
						}, 
						{
							"keytime":  0.513333, 
							"rotation": [-0.037418, -0.026320, -0.706617,  0.706116], 
							"translation": [-2.842706,  127.086449, -96.511360]
						}, 
						{
							"keytime":  0.520000, 
							"rotation": [-0.037355, -0.026383, -0.706614,  0.706119], 
							"translation": [-2.801038,  126.852699, -96.538727]
						}, 
						{
							"keytime":  0.526667, 
							"translation": [-2.753983,  126.620186, -96.572052]
						}, 
						{
							"keytime":  0.533333, 
							"translation": [-2.704495,  126.402748, -96.609184]
						}, 
						{
							"keytime":  0.540000, 
							"rotation": [-0.037157, -0.026581, -0.706607,  0.706130], 
							"translation": [-2.651434,  126.193588, -96.650848]
						}, 
						{
							"keytime":  0.546667, 
							"translation": [-2.593222,  125.986885, -96.698280]
						}, 
						{
							"keytime":  0.553333, 
							"translation": [-2.533470,  125.794937, -96.748528]
						}, 
						{
							"keytime":  0.560000, 
							"rotation": [-0.036950, -0.026788, -0.706599,  0.706141], 
							"translation": [-2.470702,  125.611671, -96.802711]
						}, 
						{
							"keytime":  0.566666, 
							"translation": [-2.403069,  125.432106, -96.862450]
						}, 
						{
							"keytime":  0.573333, 
							"translation": [-2.334740,  125.266937, -96.924042]
						}, 
						{
							"keytime":  0.580000, 
							"rotation": [-0.036736, -0.027002, -0.706591,  0.706152], 
							"translation": [-2.263947,  125.110901, -96.988998]
						}, 
						{
							"keytime":  0.586666, 
							"translation": [-2.188632,  124.959862, -97.059227]
						}, 
						{
							"keytime":  0.593333, 
							"translation": [-2.113409,  124.822807, -97.130440]
						}, 
						{
							"keytime":  0.600000, 
							"rotation": [-0.036515, -0.027224, -0.706582,  0.706163], 
							"translation": [-2.036281,  124.695335, -97.204414]
						}, 
						{
							"keytime":  0.606666, 
							"translation": [-1.955018,  124.574165, -97.283348]
						}, 
						{
							"keytime":  0.613333, 
							"translation": [-1.874588,  124.466545, -97.362373]
						}, 
						{
							"keytime":  0.620000, 
							"rotation": [-0.036287, -0.027452, -0.706574,  0.706175], 
							"translation": [-1.792809,  124.368958, -97.443611]
						}, 
						{
							"keytime":  0.626666, 
							"translation": [-1.707337,  124.279007, -97.529442]
						}, 
						{
							"keytime":  0.633333, 
							"translation": [-1.623384,  124.202179, -97.614555]
						}, 
						{
							"keytime":  0.640000, 
							"rotation": [-0.036054, -0.027685, -0.706565,  0.706187], 
							"translation": [-1.538639,  124.135765, -97.701324]
						}, 
						{
							"keytime":  0.646666, 
							"translation": [-1.450693,  124.078415, -97.792213]
						}, 
						{
							"keytime":  0.653333, 
							"translation": [-1.364904,  124.033676, -97.881676]
						}, 
						{
							"keytime":  0.660000, 
							"rotation": [-0.035817, -0.027922, -0.706555,  0.706199], 
							"translation": [-1.278880,  123.999786, -97.972191]
						}, 
						{
							"keytime":  0.666666, 
							"rotation": [-0.035735, -0.028004, -0.706552,  0.706203], 
							"translation": [-1.190196,  123.976395, -98.066353]
						}, 
						{
							"keytime":  0.673333, 
							"translation": [-1.104256,  123.965034, -98.158401]
						}, 
						{
							"keytime":  0.680000, 
							"rotation": [-0.035575, -0.028164, -0.706546,  0.706211], 
							"translation": [-1.018637,  123.964996, -98.250908]
						}, 
						{
							"keytime":  0.686666, 
							"rotation": [-0.035492, -0.028247, -0.706542,  0.706216], 
							"translation": [-0.930952,  123.976929, -98.346535]
						}, 
						{
							"keytime":  0.693333, 
							"translation": [-0.846547,  124.000298, -98.439415]
						}, 
						{
							"keytime":  0.700000, 
							"rotation": [-0.035331, -0.028408, -0.706536,  0.706224], 
							"translation": [-0.763019,  124.035416, -98.532196]
						}, 
						{
							"keytime":  0.706666, 
							"rotation": [-0.035247, -0.028493, -0.706532,  0.706228], 
							"translation": [-0.678068,  124.084045, -98.627457]
						}, 
						{
							"keytime":  0.713333, 
							"translation": [-0.596884,  124.143463, -98.719421]
						}, 
						{
							"keytime":  0.719999, 
							"rotation": [-0.035084, -0.028655, -0.706526,  0.706236], 
							"translation": [-0.517131,  124.215057, -98.810699]
						}, 
						{
							"keytime":  0.726666, 
							"translation": [-0.436655,  124.301743, -98.903801]
						}, 
						{
							"keytime":  0.733333, 
							"translation": [-0.360376,  124.398537, -98.993103]
						}, 
						{
							"keytime":  0.739999, 
