{
	"version": "0.7", 
	"id": "", 
	"meshes": [], 
	"materials": [], 
	"nodes": [
		{
			"id": "Bip001", 
			"skeleton": false, 
			"transform": [ 0.026459, -0.980976,  0.192315,  0.000000,  0.999394,  0.021607, -0.027283,  0.000000,  0.022609,  0.192920,  0.980954,  0.000000,  2.146683,  26.655066, -1.158804,  1.000000], 
			"children": [
				{
					"id": "Bip001 Pelvis", 
					"skeleton": false, 
					"transform": [ 0.000000,  0.134377,  0.990930,  0.000000,  1.000000,  0.000001, -0.000000,  0.000000, -0.000001,  0.990930, -0.134377,  0.000000,  0.000000,  0.000000,  0.000000,  1.000000], 
					"children": [
						{
							"id": "Bip001 Spine", 
							"skeleton": false, 
							"transform": [ 0.980144,  0.105220, -0.168070,  0.000000, -0.104684,  0.994432,  0.012070,  0.000000,  0.168404,  0.005764,  0.985701,  0.000000,  18.211424,  1.627918, -2.469580,  1.000000], 
							"children": [
								{
									"id": "Bip001 Spine1", 
									"skeleton": false, 
									"transform": [ 0.982303, -0.156571, -0.102794,  0.000000,  0.155441,  0.987663, -0.018967,  0.000000,  0.104495,  0.002653,  0.994522,  0.000000,  16.594809, -0.010502,  0.000202,  1.000000], 
									"children": [
										{
											"id": "Bip001 Neck", 
											"skeleton": false, 
											"transform": [ 0.756294,  0.645694,  0.105350,  0.000000, -0.641372,  0.763523, -0.075329,  0.000000, -0.129077, -0.010598,  0.991578,  0.000000,  13.358349, -0.003441,  0.000339,  1.000000], 
											"children": [
												{
													"id": "Bip001 L Clavicle", 
													"skeleton": false, 
													"transform": [-0.048883,  0.565289,  0.823443,  0.000000, -0.528343, -0.714276,  0.458981,  0.000000,  0.847623, -0.412624,  0.333582,  0.000000, -8.113407,  5.535934,  7.199278,  1.000000], 
													"children": [
														{
															"id": "Bip001 L UpperArm", 
															"skeleton": false, 
															"transform": [ 0.726726, -0.572679, -0.379352,  0.000000,  0.169568,  0.684711, -0.708814,  0.000000,  0.665669,  0.450788,  0.594705,  0.000000,  9.698197,  0.000000,  0.000000,  1.000000], 
															"children": [
																{
																	"id": "Bip001 L Forearm", 
																	"skeleton": false, 
																	"transform": [ 0.428572, -0.903507,  0.000000,  0.000000,  0.903507,  0.428572, -0.000000,  0.000000,  0.000000,  0.000000,  1.000000,  0.000000,  16.341640,  0.000003,  0.000002,  1.000000], 
																	"children": [
																		{
																			"id": "Bip001 L Hand", 
																			"skeleton": false, 
																			"transform": [ 0.668801, -0.637629,  0.382275,  0.000000,  0.729252,  0.662647, -0.170563,  0.000000, -0.144557,  0.392847,  0.908171,  0.000000,  12.145850,  0.000000, -0.000002,  1.000000], 
																			"children": [
																				{
																					"id": "Bip001 L Finger0", 
																					"skeleton": false, 
																					"transform": [ 0.990674, -0.136254,  0.000109,  0.000000,  0.136254,  0.990674, -0.000789,  0.000000, -0.000000,  0.000796,  1.000000,  0.000000,  6.042164,  0.000000,  0.000000,  1.000000]
																				}
																			]
																		}
																	]
																}
															]
														}, 
														{
															"id": "Bone008", 
															"skeleton": false, 
															"transform": [ 0.127447,  0.977598,  0.167512,  0.000000, -0.913043,  0.181608, -0.365200,  0.000000, -0.387440, -0.106402,  0.915734,  0.000000,  7.902240,  5.085236,  1.533676,  1.000000], 
															"children": [
																{
																	"id": "Bone009", 
																	"skeleton": false, 
																	"transform": [ 0.955167,  0.295608, -0.016471,  0.000000, -0.286420,  0.908527, -0.304209,  0.000000, -0.074962,  0.295288,  0.952463,  0.000000,  10.583237,  0.000002,  0.000000,  1.000000], 
																	"children": [
																		{
																			"id": "Bone010", 
																			"skeleton": false, 
																			"transform": [ 0.912315,  0.312507, -0.264612,  0.000000, -0.313489,  0.948763,  0.039659,  0.000000,  0.263448,  0.046772,  0.963539,  0.000000,  9.441685, -0.000010,  0.000000,  1.000000], 
																			"children": [
																				{
																					"id": "Bone011", 
																					"skeleton": false, 
																					"transform": [ 0.495316,  0.147533, -0.856093,  0.000000,  0.281521,  0.905031,  0.318848,  0.000000,  0.821832, -0.398939,  0.406743,  0.000000,  19.570045, -0.000042,  0.000000,  1.000000], 
																					"children": [
																						{
																							"id": "Bone012", 
																							"skeleton": false, 
																							"transform": [ 0.928888, -0.123868, -0.349035,  0.000000, -0.197959, -0.962550, -0.185232,  0.000000, -0.313019,  0.241154, -0.918621,  0.000000,  18.293943, -0.252275, -0.144844,  1.000000], 
																							"children": [
																								{
																									"id": "Bone013", 
																									"skeleton": false, 
																									"transform": [ 0.710742,  0.489719,  0.504996,  0.000000, -0.486268,  0.860777, -0.150354,  0.000000, -0.508320, -0.138701,  0.849925,  0.000000,  24.975965, -0.000000,  0.000000,  1.000000], 
																									"children": [
																										{
																											"id": "Bone014", 
																											"skeleton": false, 
																											"transform": [ 0.997487, -0.070849, -0.000000,  0.000000,  0.070849,  0.997487, -0.000001,  0.000000,  0.000000,  0.000001,  1.000000,  0.000000,  27.363581, -0.000005,  0.000000,  1.000000]
																										}
																									]
																								}
																							]
																						}
																					]
																				}, 
																				{
																					"id": "Bone017", 
																					"skeleton": false, 
																					"transform": [-0.280559,  0.063235, -0.957752,  0.000000, -0.676603, -0.720780,  0.150612,  0.000000, -0.680804,  0.690273,  0.245006,  0.000000,  15.341694, -2.572361, -4.454414,  1.000000], 
																					"children": [
																						{
																							"id": "Bone018", 
																							"skeleton": false, 
																							"transform": [ 1.000000,  0.000000,  0.000000,  0.000000, -0.000000,  1.000000, -0.000000,  0.000000, -0.000000,  0.000000,  1.000000,  0.000000,  42.506569,  0.000004, -0.000004,  1.000000]
																						}
																					]
																				}
																			]
																		}
																	]
																}
															]
														}
													]
												}, 
												{
													"id": "Bip001 R Clavicle", 
													"skeleton": false, 
													"transform": [-0.210861,  0.681114, -0.701157,  0.000000, -0.623844, -0.645986, -0.439910,  0.000000, -0.752567,  0.344652,  0.561122,  0.000000, -9.349617,  6.419899, -4.436338,  1.000000], 
													"children": [
														{
															"id": "Bip001 R UpperArm", 
															"skeleton": false, 
															"transform": [ 0.865506, -0.351489,  0.356867,  0.000000,  0.136640,  0.851111,  0.506893,  0.000000, -0.481900, -0.389957,  0.784669,  0.000000,  9.698195, -0.000002, -0.000002,  1.000000], 
															"children": [
																{
																	"id": "Bip001 R Forearm", 
																	"skeleton": false, 
																	"transform": [ 0.499365, -0.866391,  0.000000,  0.000000,  0.866392,  0.499365, -0.000000,  0.000000,  0.000000,  0.000000,  1.000000,  0.000000,  16.341648,  0.000002, -0.000002,  1.000000], 
																	"children": [
																		{
																			"id": "Bip001 R Hand", 
																			"skeleton": false, 
																			"transform": [ 0.500076, -0.748238, -0.435963,  0.000000,  0.860187,  0.487333,  0.150283,  0.000000,  0.100012, -0.450163,  0.887328,  0.000000,  12.145855, -0.000002,  0.000002,  1.000000], 
																			"children": [
																				{
																					"id": "Bip001 R Finger0", 
																					"skeleton": false, 
																					"transform": [ 0.968246, -0.250001, -0.000199,  0.000000,  0.250001,  0.968245,  0.000771,  0.000000,  0.000000, -0.000796,  1.000000,  0.000000,  6.042164,  0.000000, -0.000001,  1.000000]
																				}
																			]
																		}
																	]
																}
															]
														}, 
														{
															"id": "Bone008(mirrored)", 
															"skeleton": false, 
															"transform": [-0.113012,  0.991776, -0.060069,  0.000000,  0.930117,  0.084336, -0.357448,  0.000000, -0.349442, -0.096267, -0.931999,  0.000000,  8.536671,  6.045149, -1.773779,  1.000000], 
															"children": [
																{
																	"id": "Bone009(mirrored)", 
																	"skeleton": false, 
																	"transform": [ 0.914605, -0.320215, -0.246901,  0.000000,  0.307986,  0.947336, -0.087751,  0.000000,  0.261997,  0.004216,  0.965059,  0.000000,  10.583237, -0.000004,  0.000000,  1.000000], 
																	"children": [
																		{
																			"id": "Bone010(mirrored)", 
																			"skeleton": false, 
																			"transform": [ 0.974705, -0.218827,  0.045447,  0.000000,  0.206283,  0.959095,  0.193865,  0.000000, -0.086011, -0.179586,  0.979975,  0.000000,  9.441694,  0.000004,  0.000004,  1.000000], 
																			"children": [
																				{
																					"id": "Bone011(mirrored)", 
																					"skeleton": false, 
																					"transform": [ 0.142387,  0.369765, -0.918150,  0.000000, -0.396318,  0.871297,  0.289435,  0.000000,  0.907005,  0.322668,  0.270606,  0.000000,  19.570038,  0.000031,  0.000015,  1.000000], 
																					"children": [
																						{
																							"id": "Bone012(mirrored)", 
																							"skeleton": false, 
																							"transform": [ 0.742526, -0.023006, -0.669422,  0.000000, -0.404430, -0.812070, -0.420689,  0.000000, -0.533939,  0.583107, -0.612287,  0.000000,  18.293943,  0.252269, -0.144821,  1.000000], 
																							"children": [
																								{
																									"id": "Bone013(mirrored)", 
																									"skeleton": false, 
																									"transform": [ 0.850258,  0.339968,  0.401850,  0.000000,  0.090881,  0.657159, -0.748253,  0.000000, -0.518462,  0.672728,  0.527858,  0.000000,  24.975956, -0.000008,  0.000019,  1.000000], 
																									"children": [
																										{
																											"id": "Bone014(mirrored)", 
																											"skeleton": false, 
																											"transform": [ 0.952623, -0.004908,  0.304117,  0.000000,  0.002343,  0.999959,  0.008801,  0.000000, -0.304147, -0.007671,  0.952594,  0.000000,  27.363586,  0.000006, -0.000004,  1.000000]
																										}
																									]
																								}
																							]
																						}
																					]
																				}, 
																				{
																					"id": "Bone017(mirrored)", 
																					"skeleton": false, 
																					"transform": [-0.616563,  0.156881, -0.771517,  0.000000,  0.730235, -0.252346, -0.634885,  0.000000, -0.294291, -0.954835,  0.041027,  0.000000,  16.034405,  2.459427, -4.370422,  1.000000]
																				}
																			]
																		}
																	]
																}
															]
														}
													]
												}, 
												{
													"id": "Bip001 Head", 
													"skeleton": false, 
													"transform": [ 0.534406, -0.829599,  0.161787,  0.000000,  0.844401,  0.532476, -0.058787,  0.000000, -0.037378,  0.168029,  0.985073,  0.000000,  5.656925, -0.000008,  0.000000,  1.000000], 
													"children": [
														{
															"id": "Bone007", 
															"skeleton": false, 
															"transform": [ 0.852438,  0.522829,  0.000001,  0.000000,  0.522829, -0.852438, -0.000001,  0.000000, -0.000000,  0.000002, -1.000000,  0.000000,  2.421864,  6.773937, -0.108841,  1.000000]
														}, 
														{
															"id": "Bone016", 
															"skeleton": false, 
															"transform": [ 0.006504, -0.020019,  0.999778,  0.000000,  0.308948, -0.950846, -0.021050,  0.000000,  0.951057,  0.309016,  0.000000,  0.000000,  14.095810,  0.807140,  4.673516,  1.000000]
														}, 
														{
															"id": "Bone015", 
															"skeleton": false, 
															"transform": [ 0.006504, -0.020019,  0.999778,  0.000000,  0.308948, -0.950846, -0.021050,  0.000000,  0.951057,  0.309016,  0.000000,  0.000000,  11.845253, -0.869963, -15.391636,  1.000000]
														}
													]
												}
											]
										}
									]
								}, 
								{
									"id": "Bip001 L Thigh", 
									"skeleton": false, 
									"transform": [-0.367688,  0.929949,  0.000134,  0.000000,  0.876978,  0.346696,  0.332733,  0.000000,  0.309378,  0.122459, -0.943021,  0.000000, -21.467102,  0.535082,  17.133862,  1.000000], 
									"children": [
										{
											"id": "Bip001 L Calf", 
											"skeleton": false, 
											"transform": [ 0.515117, -0.857120, -0.000000,  0.000000,  0.857120,  0.515117,  0.000000,  0.000000, -0.000000,  0.000000,  1.000000,  0.000000,  13.159227,  0.000000,  0.000004,  1.000000], 
											"children": [
												{
													"id": "Bip001 L HorseLink", 
													"skeleton": false, 
													"transform": [ 0.090240,  0.995920,  0.000000,  0.000000, -0.995920,  0.090240,  0.000000,  0.000000,  0.000000, -0.000000,  1.000000,  0.000000,  10.815899, -0.000001, -0.000002,  1.000000], 
													"children": [
														{
															"id": "Bip001 L Foot", 
															"skeleton": false, 
															"transform": [ 0.979342, -0.160959,  0.122395,  0.000000,  0.183489,  0.961745, -0.203418,  0.000000, -0.084971,  0.221674,  0.971412,  0.000000,  6.579616, -0.000000,  0.000002,  1.000000], 
															"children": [
																{
																	"id": "Bip001 L Toe0", 
																	"skeleton": false, 
																	"transform": [ 0.142021,  0.975598, -0.167445,  0.000000, -0.989570,  0.144055,  0.000000,  0.000000,  0.024122,  0.165698,  0.985881,  0.000000,  3.783278,  4.868918,  0.000000,  1.000000]
																}
															]
														}
													]
												}
											]
										}
									]
								}, 
								{
									"id": "Bip001 R Thigh", 
									"skeleton": false, 
									"transform": [ 0.016511,  0.978703, -0.204614,  0.000000,  0.980003, -0.056426, -0.190814,  0.000000, -0.198296, -0.197372, -0.960064,  0.000000, -15.405212,  0.099705, -18.417847,  1.000000], 
									"children": [
										{
											"id": "Bip001 R Calf", 
											"skeleton": false, 
											"transform": [ 0.332268, -0.943185,  0.000000,  0.000000,  0.943185,  0.332268, -0.000000,  0.000000,  0.000000,  0.000000,  1.000000,  0.000000,  13.159225,  0.000000,  0.000000,  1.000000], 
											"children": [
												{
													"id": "Bip001 R HorseLink", 
													"skeleton": false, 
													"transform": [-0.255263,  0.966872, -0.000000,  0.000000, -0.966871, -0.255263, -0.000000,  0.000000, -0.000000,  0.000000,  1.000000,  0.000000,  10.815897, -0.000001, -0.000002,  1.000000], 
													"children": [
														{
															"id": "Bip001 R Foot", 
															"skeleton": false, 
															"transform": [ 0.745745, -0.646312, -0.161694,  0.000000,  0.661806,  0.690718,  0.291412,  0.000000, -0.076658, -0.324329,  0.942833,  0.000000,  6.579611,  0.000000,  0.000002,  1.000000], 
															"children": [
																{
																	"id": "Bip001 R Toe0", 
																	"skeleton": false, 
																	"transform": [ 0.142021,  0.975598,  0.167446,  0.000000, -0.989570,  0.144055, -0.000000,  0.000000, -0.024122, -0.165699,  0.985881,  0.000000,  3.783278,  4.868917, -0.000002,  1.000000]
																}
															]
														}
													]
												}
											]
										}
									]
								}
							]
						}
					]
				}, 
				{
					"id": "Bone001", 
					"skeleton": false, 
					"transform": [ 0.129785, -0.090431, -0.987410,  0.000000,  0.946169,  0.309091,  0.096057,  0.000000,  0.296513, -0.946723,  0.125678,  0.000000, -1.830376,  0.037423, -8.134956,  1.000000], 
					"children": [
						{
							"id": "Bone002", 
							"skeleton": false, 
							"transform": [ 0.968026, -0.249892, -0.021927,  0.000000,  0.249949,  0.968259, -0.000175,  0.000000,  0.021275, -0.005311,  0.999760,  0.000000,  13.859756,  0.000008, -0.000003,  1.000000], 
							"children": [
								{
									"id": "Bone003", 
									"skeleton": false, 
									"transform": [ 0.985496, -0.168470, -0.020368,  0.000000,  0.168497,  0.985702, -0.000366,  0.000000,  0.020139, -0.003071,  0.999792,  0.000000,  18.315510,  0.000011, -0.000001,  1.000000], 
									"children": [
										{
											"id": "Bone004", 
											"skeleton": false, 
											"transform": [ 0.992875, -0.119158, -0.000082,  0.000000,  0.119158,  0.992872,  0.002402,  0.000000, -0.000204, -0.002395,  0.999997,  0.000000,  14.930199,  0.000029,  0.000001,  1.000000], 
											"children": [
												{
													"id": "Bone005", 
													"skeleton": false, 
													"transform": [ 0.999875, -0.015800, -0.000000,  0.000000,  0.015800,  0.999875,  0.000000,  0.000000,  0.000000, -0.000000,  1.000000,  0.000000,  14.563255,  0.000047,  0.000000,  1.000000]
												}
											]
										}
									]
								}
							]
						}
					]
				}
			]
		}
	], 
	"animations": [
		{
			"id": "Take 001", 
			"length":  2.666000, 
			"bones": [
				{
					"boneId": "Bip001 R UpperArm", 
					"keyframes": [
						{
							"keytime":  0.000000, 
							"rotation": [ 0.239649, -0.224129, -0.130434,  0.935586], 
							"scale": [ 1.000000,  1.000000,  1.000000], 
							"translation": [ 9.698195, -0.000002, -0.000002]
						}, 
						{
							"keytime":  0.012503, 
							"rotation": [ 0.236123, -0.228624, -0.125354,  0.936090], 
							"translation": [ 9.698198, -0.000004, -0.000000]
						}, 
						{
							"keytime":  0.025006, 
							"rotation": [ 0.232275, -0.233434, -0.120120,  0.936551], 
							"translation": [ 9.698196, -0.000002, -0.000002]
						}, 
						{
							"keytime":  0.037509, 
							"rotation": [ 0.228016, -0.238656, -0.114661,  0.936966], 
							"translation": [ 9.698196, -0.000002, -0.000006]
						}, 
						{
							"keytime":  0.050013, 
							"rotation": [ 0.223637, -0.243926, -0.109376,  0.937296], 
							"translation": [ 9.698195, -0.000000, -0.000002]
						}, 
						{
							"keytime":  0.062516, 
							"rotation": [ 0.219057, -0.249339, -0.104173,  0.937546]
						}, 
						{
							"keytime":  0.075019, 
							"rotation": [ 0.214318, -0.254845, -0.099112,  0.937709], 
							"translation": [ 9.698196,  0.000000, -0.000004]
						}, 
						{
							"keytime":  0.087522, 
							"rotation": [ 0.209315, -0.260559, -0.094099,  0.937785], 
							"translation": [ 9.698196, -0.000002,  0.000002]
						}, 
						{
							"keytime":  0.100025, 
							"rotation": [ 0.204391, -0.266096, -0.089469,  0.937770]
						}, 
						{
							"keytime":  0.112528, 
							"rotation": [ 0.199299, -0.271737, -0.084980,  0.937666], 
							"translation": [ 9.698198,  0.000004,  0.000000]
						}, 
						{
							"keytime":  0.125031, 
							"rotation": [ 0.194391, -0.277100, -0.080924,  0.937485], 
							"translation": [ 9.698196, -0.000002, -0.000004]
						}, 
						{
							"keytime":  0.137534, 
							"rotation": [ 0.189571, -0.282302, -0.077185,  0.937236], 
							"translation": [ 9.698196, -0.000002, -0.000000]
						}, 
						{
							"keytime":  0.150038, 
							"rotation": [ 0.184758, -0.287438, -0.073681,  0.936918], 
							"translation": [ 9.698196,  0.000000,  0.000000]
						}, 
						{
							"keytime":  0.162541, 
							"rotation": [ 0.180296, -0.292154, -0.070628,  0.936563], 
							"translation": [ 9.698198, -0.000002, -0.000004]
						}, 
						{
							"keytime":  0.175044, 
							"rotation": [ 0.176102, -0.296550, -0.067925,  0.936180], 
							"translation": [ 9.698196, -0.000000, -0.000000]
						}, 
						{
							"keytime":  0.187547, 
							"rotation": [ 0.172131, -0.300687, -0.065509,  0.935771], 
							"translation": [ 9.698198,  0.000000,  0.000000]
						}, 
						{
							"keytime":  0.200050, 
							"rotation": [ 0.168681, -0.304266, -0.063522,  0.935379], 
							"translation": [ 9.698195, -0.000002,  0.000000]
						}, 
						{
							"keytime":  0.212553, 
							"rotation": [ 0.165698, -0.307358, -0.061889,  0.935011], 
							"translation": [ 9.698198, -0.000000, -0.000008]
						}, 
						{
							"keytime":  0.225056, 
							"rotation": [ 0.163186, -0.309973, -0.060576,  0.934675], 
							"translation": [ 9.698195, -0.000002,  0.000000]
						}, 
						{
							"keytime":  0.237559, 
							"rotation": [ 0.161360, -0.311900, -0.059661,  0.934410], 
							"translation": [ 9.698197, -0.000002, -0.000004]
						}, 
						{
							"keytime":  0.250062, 
							"rotation": [ 0.160204, -0.313167, -0.059105,  0.934220], 
							"translation": [ 9.698200, -0.000000, -0.000000]
						}, 
						{
							"keytime":  0.262566, 
							"rotation": [ 0.159836, -0.313676, -0.059003,  0.934119], 
							"translation": [ 9.698195,  0.000000, -0.000000]
						}, 
						{
							"keytime":  0.275069, 
							"rotation": [ 0.160365, -0.313335, -0.059423,  0.934116], 
							"translation": [ 9.698197,  0.000000,  0.000004]
						}, 
						{
							"keytime":  0.287572, 
							"rotation": [ 0.161910, -0.311996, -0.060273,  0.934244], 
							"translation": [ 9.698195, -0.000002,  0.000000]
						}, 
						{
							"keytime":  0.300075, 
							"rotation": [ 0.164536, -0.309582, -0.061514,  0.934507], 
							"translation": [ 9.698196, -0.000002,  0.000000]
						}, 
						{
							"keytime":  0.312578, 
							"rotation": [ 0.168237, -0.306090, -0.063180,  0.934887], 
							"translation": [ 9.698195, -0.000002, -0.000004]
						}, 
						{
							"keytime":  0.325081, 
							"rotation": [ 0.172662, -0.301844, -0.065169,  0.935324], 
							"translation": [ 9.698197, -0.000002,  0.000004]
						}, 
						{
							"keytime":  0.337584, 
							"rotation": [ 0.177773, -0.296869, -0.067522,  0.935792], 
							"translation": [ 9.698195, -0.000002, -0.000008]
						}, 
						{
							"keytime":  0.350087, 
							"rotation": [ 0.183613, -0.291100, -0.070325,  0.936270], 
							"translation": [ 9.698196, -0.000000, -0.000000]
						}, 
						{
							"keytime":  0.362591, 
							"rotation": [ 0.189705, -0.284990, -0.073411,  0.936698], 
							"translation": [ 9.698196,  0.000002,  0.000000]
						}, 
						{
							"keytime":  0.375094, 
							"rotation": [ 0.196087, -0.278485, -0.076845,  0.937065], 
							"translation": [ 9.698195,  0.000002, -0.000004]
						}, 
						{
							"keytime":  0.387597, 
							"rotation": [ 0.202833, -0.271483, -0.080726,  0.937358], 
							"translation": [ 9.698196,  0.000000, -0.000004]
						}, 
						{
							"keytime":  0.400100, 
							"rotation": [ 0.209429, -0.264500, -0.084795,  0.937544], 
							"translation": [ 9.698195, -0.000002, -0.000000]
						}, 
						{
							"keytime":  0.412603, 
							"rotation": [ 0.215962, -0.257436, -0.089114,  0.937628], 
							"translation": [ 9.698198, -0.000004, -0.000004]
						}, 
						{
							"keytime":  0.425106, 
							"rotation": [ 0.222517, -0.250179, -0.093759,  0.937607], 
							"translation": [ 9.698196, -0.000002, -0.000004]
						}, 
						{
							"keytime":  0.437609, 
							"rotation": [ 0.228611, -0.243257, -0.098378,  0.937488], 
							"translation": [ 9.698198,  0.000002, -0.000004]
						}, 
						{
							"keytime":  0.450113, 
							"rotation": [ 0.234518, -0.236360, -0.103143,  0.937282], 
							"translation": [ 9.698195,  0.000000, -0.000000]
						}, 
						{
							"keytime":  0.462616, 
							"rotation": [ 0.239804, -0.229998, -0.107653,  0.937020]
						}, 
						{
							"keytime":  0.475119, 
							"rotation": [ 0.244570, -0.224070, -0.111908,  0.936726], 
							"translation": [ 9.698196, -0.000002,  0.000000]
						}, 
						{
							"keytime":  0.487622, 
							"rotation": [ 0.248856, -0.218536, -0.115851,  0.936424], 
							"translation": [ 9.698196,  0.000002, -0.000002]
						}, 
						{
							"keytime":  0.500125, 
							"rotation": [ 0.252344, -0.213830, -0.119107,  0.936169], 
							"translation": [ 9.698196,  0.000000, -0.000004]
						}, 
						{
							"keytime":  0.512628, 
							"rotation": [ 0.253544, -0.211613, -0.113430,  0.937054], 
							"translation": [ 9.698198,  0.000000, -0.000002]
						}, 
						{
							"keytime":  0.525131, 
							"rotation": [ 0.254567, -0.209375, -0.106483,  0.938093], 
							"translation": [ 9.698196, -0.000002, -0.000002]
						}, 
						{
							"keytime":  0.537634, 
							"rotation": [ 0.255385, -0.207214, -0.098884,  0.939182], 
							"translation": [ 9.698195, -0.000000, -0.000004]
						}, 
						{
							"keytime":  0.550138, 
							"rotation": [ 0.256048, -0.205046, -0.090600,  0.940312], 
							"translation": [ 9.698195, -0.000002, -0.000002]
						}, 
						{
							"keytime":  0.562641, 
							"rotation": [ 0.256587, -0.202793, -0.081514,  0.941485]
						}, 
						{
							"keytime":  0.575144, 
							"rotation": [ 0.256983, -0.200578, -0.072311,  0.942602], 
							"translation": [ 9.698196, -0.000002, -0.000004]
						}, 
						{
							"keytime":  0.587647, 
							"rotation": [ 0.257267, -0.198334, -0.062878,  0.943676], 
							"translation": [ 9.698196, -0.000000, -0.000002]
						}, 
						{
							"keytime":  0.600150, 
							"rotation": [ 0.257452, -0.195999, -0.053066,  0.944715]
						}, 
						{
							"keytime":  0.612653, 
							"rotation": [ 0.257539, -0.193721, -0.043590,  0.945646], 
							"translation": [ 9.698196, -0.000002, -0.000002]
						}, 
						{
							"keytime":  0.625157, 
							"rotation": [ 0.257542, -0.191453, -0.034295,  0.946489], 
							"translation": [ 9.698198, -0.000000, -0.000004]
						}, 
						{
							"keytime":  0.637660, 
							"rotation": [ 0.257468, -0.189155, -0.025044,  0.947261], 
							"translation": [ 9.698196, -0.000000,  0.000000]
						}, 
						{
							"keytime":  0.650163, 
							"rotation": [ 0.257329, -0.186996, -0.016505,  0.947915], 
							"translation": [ 9.698200, -0.000001,  0.000000]
						}, 
						{
							"keytime":  0.662666, 
							"rotation": [ 0.257135, -0.184946, -0.008526,  0.948475], 
							"translation": [ 9.698195,  0.000000, -0.000002]
						}, 
						{
							"keytime":  0.675169, 
							"rotation": [ 0.256886, -0.182996, -0.001017,  0.948958], 
							"translation": [ 9.698196, -0.000002,  0.000002]
						}, 
						{
							"keytime":  0.687672, 
							"rotation": [ 0.256610, -0.181308,  0.005459,  0.949341], 
							"translation": [ 9.698193, -0.000001, -0.000004]
						}, 
						{
							"keytime":  0.700175, 
							"rotation": [ 0.256310, -0.179875,  0.011015,  0.949647], 
							"translation": [ 9.698195, -0.000002, -0.000002]
						}, 
						{
							"keytime":  0.712678, 
							"rotation": [ 0.255989, -0.178719,  0.015653,  0.949886], 
							"translation": [ 9.698196,  0.000000, -0.000004]
						}, 
						{
							"keytime":  0.725182, 
							"rotation": [ 0.255679, -0.177959,  0.018977,  0.950052], 
							"translation": [ 9.698195, -0.000002, -0.000004]
						}, 
						{
							"keytime":  0.737685, 
							"rotation": [ 0.255381, -0.177604,  0.021019,  0.950155], 
							"translation": [ 9.698196, -0.000002, -0.000004]
						}, 
						{
							"keytime":  0.750188, 
							"rotation": [ 0.255101, -0.177706,  0.021648,  0.950198], 
							"translation": [ 9.698200,  0.000002,  0.000002]
						}, 
						{
							"keytime":  0.762691, 
							"rotation": [ 0.254800, -0.178325,  0.020840,  0.950180], 
							"translation": [ 9.698196, -0.000001,  0.000000]
						}, 
						{
							"keytime":  0.775194, 
							"rotation": [ 0.254414, -0.179462,  0.018797,  0.950113]
						}, 
						{
							"keytime":  0.787697, 
							"rotation": [ 0.253930, -0.181120,  0.015495,  0.949987], 
							"translation": [ 9.698196,  0.000001, -0.000002]
						}, 
						{
							"keytime":  0.800200, 
							"rotation": [ 0.253382, -0.183144,  0.011217,  0.949805], 
							"translation": [ 9.698195, -0.000003, -0.000002]
						}, 
						{
							"keytime":  0.812703, 
							"rotation": [ 0.252763, -0.185513,  0.005967,  0.949558]
						}, 
						{
							"keytime":  0.825207, 
							"rotation": [ 0.252057, -0.188250, -0.000367,  0.949225], 
							"translation": [ 9.698198,  0.000000, -0.000006]
						}, 
						{
							"keytime":  0.837710, 
							"rotation": [ 0.251317, -0.191129, -0.007328,  0.948818], 
							"translation": [ 9.698196,  0.000000, -0.000000]
						}, 
						{
							"keytime":  0.850213, 
							"rotation": [ 0.250531, -0.194164, -0.015003,  0.948319], 
							"translation": [ 9.698195,  0.000000, -0.000002]
						}, 
						{
							"keytime":  0.862716, 
							"rotation": [ 0.249689, -0.197392, -0.023566,  0.947701]
						}, 
						{
							"keytime":  0.875219, 
							"rotation": [ 0.248852, -0.200564, -0.032424,  0.946993]
						}, 
						{
							"keytime":  0.887722, 
							"rotation": [ 0.248013, -0.203724, -0.041728,  0.946174], 
							"translation": [ 9.698198, -0.000002, -0.000002]
						}, 
						{
							"keytime":  0.900225, 
							"rotation": [ 0.247162, -0.206915, -0.051683,  0.945212]
						}, 
						{
							"keytime":  0.912728, 
							"rotation": [ 0.246363, -0.209908, -0.061606,  0.944166], 
							"translation": [ 9.698196,  0.000000, -0.000000]
						}, 
						{
							"keytime":  0.925231, 
							"rotation": [ 0.245605, -0.212763, -0.071686,  0.943012], 
							"translation": [ 9.698198, -0.000004,  0.000000]
						}, 
						{
							"keytime":  0.937734, 
							"rotation": [ 0.244880, -0.215529, -0.082127,  0.941720]
						}, 
						{
							"keytime":  0.950238, 
							"rotation": [ 0.244241, -0.218020, -0.092207,  0.940379], 
							"translation": [ 9.698193, -0.000002, -0.000004]
						}, 
						{
							"keytime":  0.962741, 
							"rotation": [ 0.243671, -0.220304, -0.102120,  0.938969], 
							"translation": [ 9.698195, -0.000004, -0.000004]
						}, 
						{
							"keytime":  0.975244, 
							"rotation": [ 0.243176, -0.222370, -0.111750,  0.937512], 
							"translation": [ 9.698195,  0.000002, -0.000006]
						}, 
						{
							"keytime":  0.987747, 
							"rotation": [ 0.242741, -0.224266, -0.121245,  0.935992], 
							"translation": [ 9.698195, -0.000002, -0.000002]
						}, 
						{
							"keytime":  1.000000, 
							"rotation": [ 0.242390, -0.225878, -0.129908,  0.934532], 
							"scale": [ 1.000000,  1.000000,  1.000000], 
							"translation": [ 9.698195, -0.000002, -0.000002]
						}
					]
				}, 
				{
					"boneId": "Bip001 R Forearm", 
					"keyframes": [
						{
							"keytime":  0.000000, 
							"rotation": [ 0.000000,  0.000000, -0.500317,  0.865842], 
							"scale": [ 1.000000,  1.000000,  1.000000], 
							"translation": [ 16.341648,  0.000002, -0.000002]
						}, 
						{
							"keytime":  0.012503, 
							"rotation": [-0.000000, -0.000000, -0.513462,  0.858112], 
							"translation": [ 16.341642,  0.000001, -0.000000]
						}, 
						{
							"keytime":  0.025006, 
							"rotation": [ 0.000000,  0.000000, -0.527035,  0.849844], 
							"translation": [ 16.341640, -0.000000, -0.000002]
						}, 
						{
							"keytime":  0.037509, 
							"rotation": [-0.000000, -0.000000, -0.541242,  0.840867], 
							"translation": [ 16.341644,  0.000002,  0.000002]
						}, 
						{
							"keytime":  0.050013, 
							"rotation": [ 0.000000,  0.000000, -0.555065,  0.831807], 
							"translation": [ 16.341640,  0.000001,  0.000000]
						}, 
						{
							"keytime":  0.062516, 
							"rotation": [-0.000000,  0.000000, -0.568758,  0.822505], 
							"translation": [ 16.341642, -0.000000, -0.000000]
						}, 
						{
							"keytime":  0.075019, 
							"rotation": [-0.000000, -0.000000, -0.582187,  0.813055], 
							"translation": [ 16.341642,  0.000004,  0.000002]
						}, 
						{
							"keytime":  0.087522, 
							"rotation": [-0.000000,  0.000000, -0.595623,  0.803264], 
							"translation": [ 16.341648,  0.000002,  0.000002]
						}, 
						{
							"keytime":  0.100025, 
							"rotation": [ 0.000000, -0.000000, -0.608177,  0.793801], 
							"translation": [ 16.341642,  0.000001, -0.000002]
						}, 
						{
							"keytime":  0.112528, 
							"rotation": [-0.000000,  0.000000, -0.620523,  0.784189], 
							"translation": [ 16.341646,  0.000001,  0.000000]
						}, 
						{
							"keytime":  0.125031, 
							"rotation": [ 0.000000,  0.000000, -0.631865,  0.775078], 
							"translation": [ 16.341648,  0.000001,  0.000002]
						}, 
						{
							"keytime":  0.137534, 
							"rotation": [ 0.000000,  0.000000, -0.642517,  0.766271], 
							"translation": [ 16.341644, -0.000001,  0.000000]
						}, 
						{
							"keytime":  0.150038, 
							"rotation": [ 0.000000, -0.000000, -0.652720,  0.757600], 
							"translation": [ 16.341644,  0.000002,  0.000000]
						}, 
						{
							"keytime":  0.162541, 
							"rotation": [ 0.000000, -0.000000, -0.661831,  0.749653], 
							"translation": [ 16.341648,  0.000000, -0.000000]
						}, 
						{
							"keytime":  0.175044, 
							"rotation": [-0.000000,  0.000000, -0.670127,  0.742247], 
							"translation": [ 16.341650,  0.000001,  0.000002]
						}, 
						{
							"keytime":  0.187547, 
							"rotation": [ 0.000000, -0.000000, -0.677787,  0.735258], 
							"translation": [ 16.341642, -0.000000,  0.000000]
						}, 
						{
							"keytime":  0.200050, 
							"rotation": [ 0.000000, -0.000000, -0.684331,  0.729172], 
							"translation": [ 16.341648,  0.000001,  0.000002]
						}, 
						{
							"keytime":  0.212553, 
							"rotation": [-0.000000, -0.000000, -0.689964,  0.723844]
						}, 
						{
							"keytime":  0.225056, 
							"rotation": [-0.000000,  0.000000, -0.694781,  0.719221], 
							"translation": [ 16.341640,  0.000001,  0.000000]
						}, 
						{
							"keytime":  0.237559, 
							"rotation": [ 0.000000,  0.000000, -0.698461,  0.715648], 
							"translation": [ 16.341644,  0.000001, -0.000002]
						}, 
						{
							"keytime":  0.250062, 
							"rotation": [-0.000000, -0.000000, -0.701115,  0.713049], 
							"translation": [ 16.341648,  0.000003, -0.000000]
						}, 
						{
							"keytime":  0.262566, 
							"rotation": [ 0.000000, -0.000000, -0.702619,  0.711566], 
							"translation": [ 16.341646,  0.000001, -0.000000]
						}, 
						{
							"keytime":  0.275069, 
							"rotation": [ 0.000000,  0.000000, -0.702887,  0.711302], 
							"translation": [ 16.341652,  0.000001,  0.000002]
						}, 
						{
							"keytime":  0.287572, 
							"rotation": [ 0.000000,  0.000000, -0.701734,  0.712439], 
							"translation": [ 16.341644,  0.000001, -0.000002]
						}, 
						{
							"keytime":  0.300075, 
							"rotation": [ 0.000000, -0.000000, -0.699088,  0.715036]
						}, 
						{
							"keytime":  0.312578, 
							"rotation": [ 0.000000,  0.000000, -0.694894,  0.719113], 
							"translation": [ 16.341646,  0.000001,  0.000000]
						}, 
						{
							"keytime":  0.325081, 
							"rotation": [-0.000000,  0.000000, -0.689470,  0.724314], 
							"translation": [ 16.341644, -0.000000, -0.000000]
						}, 
						{
							"keytime":  0.337584, 
							"rotation": [-0.000000, -0.000000, -0.682776,  0.730627], 
							"translation": [ 16.341644,  0.000000,  0.000002]
						}, 
						{
							"keytime":  0.350087, 
							"rotation": [ 0.000000, -0.000000, -0.674610,  0.738174], 
							"translation": [ 16.341646,  0.000001, -0.000002]
						}, 
						{
							"keytime":  0.362591, 
							"rotation": [-0.000000, -0.000000, -0.665514,  0.746386], 
							"translation": [ 16.341642,  0.000003, -0.000000]
						}, 
						{
							"keytime":  0.375094, 
							"rotation": [ 0.000000, -0.000000, -0.655330,  0.755342], 
							"translation": [ 16.341644,  0.000001,  0.000002]
						}, 
						{
							"keytime":  0.387597, 
							"rotation": [ 0.000000, -0.000000, -0.643786,  0.765205], 
							"translation": [ 16.341640,  0.000001,  0.000002]
						}, 
						{
							"keytime":  0.400100, 
							"rotation": [ 0.000000, -0.000000, -0.631660,  0.775245], 
							"translation": [ 16.341644,  0.000000,  0.000000]
						}, 
						{
							"keytime":  0.412603, 
							"rotation": [-0.000000,  0.000000, -0.618749,  0.785589]
						}, 
						{
							"keytime":  0.425106, 
							"rotation": [ 0.000000, -0.000000, -0.604786,  0.796388], 
							"translation": [ 16.341646,  0.000002, -0.000000]
						}, 
						{
							"keytime":  0.437609, 
							"rotation": [-0.000000,  0.000000, -0.590781,  0.806832], 
							"translation": [ 16.341644,  0.000003,  0.000002]
						}, 
						{
							"keytime":  0.450113, 
							"rotation": [-0.000000,  0.000000, -0.576127,  0.817360], 
							"translation": [ 16.341644, -0.000000,  0.000002]
						}, 
						{
							"keytime":  0.462616, 
							"rotation": [-0.000000, -0.000000, -0.561965,  0.827161], 
							"translation": [ 16.341640,  0.000005,  0.000002]
						}, 
						{
							"keytime":  0.475119, 
							"rotation": [ 0.000000, -0.000000, -0.548186,  0.836356], 
							"translation": [ 16.341642,  0.000002, -0.000002]
						}, 
						{
							"keytime":  0.487622, 
							"rotation": [ 0.000000,  0.000000, -0.534791,  0.844985], 
							"translation": [ 16.341644,  0.000001,  0.000002]
						}, 
						{
							"keytime":  0.500125, 
							"rotation": [ 0.000000, -0.000000, -0.522924,  0.852379]
						}, 
						{
							"keytime":  0.512628, 
							"rotation": [-0.000000, -0.000000, -0.527532,  0.849535], 
							"translation": [ 16.341646,  0.000003, -0.000000]
						}, 
						{
							"keytime":  0.525131, 
							"rotation": [ 0.000000, -0.000000, -0.533360,  0.845889], 
							"translation": [ 16.341642,  0.000002,  0.000000]
						}, 
						{
							"keytime":  0.537634, 
							"rotation": [ 0.000000, -0.000000, -0.539758,  0.841820], 
							"translation": [ 16.341640,  0.000002,  0.000002]
						}, 
						{
							"keytime":  0.550138, 
							"rotation": [ 0.000000, -0.000000, -0.546684,  0.837339], 
							"translation": [ 16.341644,  0.000001,  0.000002]
						}, 
						{
							"keytime":  0.562641, 
							"translation": [ 16.341644,  0.000003,  0.000000]
