{
	"version": "0.7", 
	"id": "", 
	"meshes": [], 
	"materials": [], 
	"nodes": [
		{
			"id": "Bip001", 
			"skeleton": false, 
			"transform": [ 0.026459, -0.980976,  0.192315,  0.000000,  0.999394,  0.021607, -0.027283,  0.000000,  0.022609,  0.192920,  0.980954,  0.000000,  2.146683,  26.655066, -1.158804,  1.000000], 
			"children": [
				{
					"id": "Bip001 Pelvis", 
					"skeleton": false, 
					"transform": [ 0.000000,  0.134377,  0.990930,  0.000000,  1.000000,  0.000001, -0.000000,  0.000000, -0.000001,  0.990930, -0.134377,  0.000000,  0.000000,  0.000000,  0.000000,  1.000000], 
					"children": [
						{
							"id": "Bip001 Spine", 
							"skeleton": false, 
							"transform": [ 0.980144,  0.105220, -0.168070,  0.000000, -0.104684,  0.994432,  0.012070,  0.000000,  0.168404,  0.005764,  0.985701,  0.000000,  18.211426,  1.627918, -2.469580,  1.000000], 
							"children": [
								{
									"id": "Bip001 Spine1", 
									"skeleton": false, 
									"transform": [ 0.982303, -0.156571, -0.102794,  0.000000,  0.155441,  0.987663, -0.018967,  0.000000,  0.104495,  0.002653,  0.994522,  0.000000,  16.594807, -0.010502,  0.000202,  1.000000], 
									"children": [
										{
											"id": "Bip001 Neck", 
											"skeleton": false, 
											"transform": [ 0.756294,  0.645694,  0.105350,  0.000000, -0.641372,  0.763523, -0.075329,  0.000000, -0.129077, -0.010598,  0.991578,  0.000000,  13.358353, -0.003441,  0.000339,  1.000000], 
											"children": [
												{
													"id": "Bip001 L Clavicle", 
													"skeleton": false, 
													"transform": [-0.048883,  0.565289,  0.823443,  0.000000, -0.528343, -0.714276,  0.458981,  0.000000,  0.847623, -0.412624,  0.333582,  0.000000, -8.113413,  5.535931,  7.199277,  1.000000], 
													"children": [
														{
															"id": "Bip001 L UpperArm", 
															"skeleton": false, 
															"transform": [ 0.726726, -0.572679, -0.379352,  0.000000,  0.169568,  0.684711, -0.708814,  0.000000,  0.665669,  0.450788,  0.594705,  0.000000,  9.698199, -0.000002,  0.000000,  1.000000], 
															"children": [
																{
																	"id": "Bip001 L Forearm", 
																	"skeleton": false, 
																	"transform": [ 0.428573, -0.903507,  0.000000,  0.000000,  0.903507,  0.428573, -0.000000,  0.000000, -0.000000,  0.000000,  1.000000,  0.000000,  16.341640, -0.000000, -0.000002,  1.000000], 
																	"children": [
																		{
																			"id": "Bip001 L Hand", 
																			"skeleton": false, 
																			"transform": [ 0.668801, -0.637629,  0.382275,  0.000000,  0.729252,  0.662646, -0.170563,  0.000000, -0.144557,  0.392847,  0.908171,  0.000000,  12.145851,  0.000000,  0.000000,  1.000000], 
																			"children": [
																				{
																					"id": "Bip001 L Finger0", 
																					"skeleton": false, 
																					"transform": [ 0.990674, -0.136254,  0.000109,  0.000000,  0.136254,  0.990674, -0.000789,  0.000000, -0.000000,  0.000796,  1.000000,  0.000000,  6.042164,  0.000000, -0.000001,  1.000000]
																				}
																			]
																		}
																	]
																}
															]
														}, 
														{
															"id": "Bone008", 
															"skeleton": false, 
															"transform": [ 0.127447,  0.977598,  0.167512,  0.000000, -0.913043,  0.181608, -0.365200,  0.000000, -0.387440, -0.106402,  0.915734,  0.000000,  7.902242,  5.085236,  1.533676,  1.000000], 
															"children": [
																{
																	"id": "Bone009", 
																	"skeleton": false, 
																	"transform": [ 0.955168,  0.295608, -0.016471,  0.000000, -0.286420,  0.908527, -0.304209,  0.000000, -0.074962,  0.295288,  0.952463,  0.000000,  10.583233,  0.000004,  0.000004,  1.000000], 
																	"children": [
																		{
																			"id": "Bone010", 
																			"skeleton": false, 
																			"transform": [ 0.912315,  0.312507, -0.264612,  0.000000, -0.313489,  0.948763,  0.039659,  0.000000,  0.263448,  0.046772,  0.963539,  0.000000,  9.441692, -0.000008,  0.000000,  1.000000], 
																			"children": [
																				{
																					"id": "Bone011", 
																					"skeleton": false, 
																					"transform": [ 0.495316,  0.147533, -0.856093,  0.000000,  0.281521,  0.905031,  0.318848,  0.000000,  0.821832, -0.398939,  0.406743,  0.000000,  19.570042, -0.000038,  0.000000,  1.000000], 
																					"children": [
																						{
																							"id": "Bone012", 
																							"skeleton": false, 
																							"transform": [ 0.928888, -0.123868, -0.349035,  0.000000, -0.197959, -0.962550, -0.185232,  0.000000, -0.313019,  0.241154, -0.918621,  0.000000,  18.293943, -0.252274, -0.144836,  1.000000], 
																							"children": [
																								{
																									"id": "Bone013", 
																									"skeleton": false, 
																									"transform": [ 0.710742,  0.489719,  0.504996,  0.000000, -0.486268,  0.860777, -0.150354,  0.000000, -0.508320, -0.138700,  0.849925,  0.000000,  24.975969, -0.000002,  0.000008,  1.000000], 
																									"children": [
																										{
																											"id": "Bone014", 
																											"skeleton": false, 
																											"transform": [ 0.997487, -0.070849,  0.000000,  0.000000,  0.070849,  0.997487, -0.000001,  0.000000,  0.000000,  0.000001,  1.000000,  0.000000,  27.363575, -0.000005, -0.000008,  1.000000]
																										}
																									]
																								}
																							]
																						}
																					]
																				}, 
																				{
																					"id": "Bone017", 
																					"skeleton": false, 
																					"transform": [-0.280559,  0.063235, -0.957752,  0.000000, -0.676603, -0.720780,  0.150612,  0.000000, -0.680804,  0.690273,  0.245006,  0.000000,  15.341694, -2.572357, -4.454414,  1.000000], 
																					"children": [
																						{
																							"id": "Bone018", 
																							"skeleton": false, 
																							"transform": [ 1.000000, -0.000000,  0.000000,  0.000000,  0.000000,  1.000000, -0.000000,  0.000000, -0.000000,  0.000000,  1.000000,  0.000000,  42.506565, -0.000000,  0.000000,  1.000000]
																						}
																					]
																				}
																			]
																		}
																	]
																}
															]
														}
													]
												}, 
												{
													"id": "Bip001 R Clavicle", 
													"skeleton": false, 
													"transform": [-0.210861,  0.681114, -0.701157,  0.000000, -0.623844, -0.645986, -0.439910,  0.000000, -0.752567,  0.344652,  0.561122,  0.000000, -9.349617,  6.419903, -4.436338,  1.000000], 
													"children": [
														{
															"id": "Bip001 R UpperArm", 
															"skeleton": false, 
															"transform": [ 0.865506, -0.351489,  0.356867,  0.000000,  0.136640,  0.851111,  0.506893,  0.000000, -0.481900, -0.389957,  0.784669,  0.000000,  9.698195, -0.000002, -0.000002,  1.000000], 
															"children": [
																{
																	"id": "Bip001 R Forearm", 
																	"skeleton": false, 
																	"transform": [ 0.499366, -0.866391,  0.000000,  0.000000,  0.866391,  0.499366, -0.000000,  0.000000, -0.000000, -0.000000,  1.000000,  0.000000,  16.341640,  0.000001,  0.000002,  1.000000], 
																	"children": [
																		{
																			"id": "Bip001 R Hand", 
																			"skeleton": false, 
																			"transform": [ 0.500076, -0.748238, -0.435963,  0.000000,  0.860187,  0.487333,  0.150283,  0.000000,  0.100012, -0.450163,  0.887328,  0.000000,  12.145849, -0.000002, -0.000002,  1.000000], 
																			"children": [
																				{
																					"id": "Bip001 R Finger0", 
																					"skeleton": false, 
																					"transform": [ 0.968246, -0.250001, -0.000199,  0.000000,  0.250001,  0.968245,  0.000771,  0.000000, -0.000000, -0.000796,  1.000000,  0.000000,  6.042168,  0.000000,  0.000000,  1.000000]
																				}
																			]
																		}
																	]
																}
															]
														}, 
														{
															"id": "Bone008(mirrored)", 
															"skeleton": false, 
															"transform": [-0.113012,  0.991776, -0.060069,  0.000000,  0.930117,  0.084336, -0.357448,  0.000000, -0.349442, -0.096267, -0.931999,  0.000000,  8.536671,  6.045147, -1.773781,  1.000000], 
															"children": [
																{
																	"id": "Bone009(mirrored)", 
																	"skeleton": false, 
																	"transform": [ 0.914605, -0.320215, -0.246901,  0.000000,  0.307986,  0.947336, -0.087751,  0.000000,  0.261997,  0.004216,  0.965059,  0.000000,  10.583239, -0.000004,  0.000004,  1.000000], 
																	"children": [
																		{
																			"id": "Bone010(mirrored)", 
																			"skeleton": false, 
																			"transform": [ 0.974705, -0.218827,  0.045447,  0.000000,  0.206283,  0.959095,  0.193865,  0.000000, -0.086011, -0.179586,  0.979975,  0.000000,  9.441694,  0.000004,  0.000004,  1.000000], 
																			"children": [
																				{
																					"id": "Bone011(mirrored)", 
																					"skeleton": false, 
																					"transform": [ 0.142387,  0.369765, -0.918150,  0.000000, -0.396318,  0.871297,  0.289435,  0.000000,  0.907005,  0.322668,  0.270606,  0.000000,  19.570049,  0.000031,  0.000011,  1.000000], 
																					"children": [
																						{
																							"id": "Bone012(mirrored)", 
																							"skeleton": false, 
																							"transform": [ 0.742526, -0.023006, -0.669422,  0.000000, -0.404430, -0.812070, -0.420689,  0.000000, -0.533939,  0.583107, -0.612287,  0.000000,  18.293941,  0.252270, -0.144829,  1.000000], 
																							"children": [
																								{
																									"id": "Bone013(mirrored)", 
																									"skeleton": false, 
																									"transform": [ 0.850258,  0.339968,  0.401850,  0.000000,  0.090881,  0.657159, -0.748253,  0.000000, -0.518462,  0.672728,  0.527858,  0.000000,  24.975964,  0.000000,  0.000023,  1.000000], 
																									"children": [
																										{
																											"id": "Bone014(mirrored)", 
																											"skeleton": false, 
																											"transform": [ 0.952623, -0.004908,  0.304117,  0.000000,  0.002342,  0.999959,  0.008801,  0.000000, -0.304147, -0.007671,  0.952594,  0.000000,  27.363586,  0.000007, -0.000002,  1.000000]
																										}
																									]
																								}
																							]
																						}
																					]
																				}, 
																				{
																					"id": "Bone017(mirrored)", 
																					"skeleton": false, 
																					"transform": [-0.616563,  0.156881, -0.771517,  0.000000,  0.730235, -0.252346, -0.634885,  0.000000, -0.294291, -0.954835,  0.041027,  0.000000,  16.034412,  2.459429, -4.370422,  1.000000]
																				}
																			]
																		}
																	]
																}
															]
														}
													]
												}, 
												{
													"id": "Bip001 Head", 
													"skeleton": false, 
													"transform": [ 0.534406, -0.829599,  0.161787,  0.000000,  0.844401,  0.532476, -0.058787,  0.000000, -0.037378,  0.168029,  0.985073,  0.000000,  5.656925, -0.000004, -0.000000,  1.000000], 
													"children": [
														{
															"id": "Bone007", 
															"skeleton": false, 
															"transform": [ 0.852438,  0.522829,  0.000001,  0.000000,  0.522829, -0.852438, -0.000001,  0.000000, -0.000000,  0.000002, -1.000000,  0.000000,  2.421864,  6.773935, -0.108841,  1.000000]
														}, 
														{
															"id": "Bone016", 
															"skeleton": false, 
															"transform": [ 0.006504, -0.020019,  0.999778,  0.000000,  0.308948, -0.950846, -0.021050,  0.000000,  0.951057,  0.309016,  0.000000,  0.000000,  14.095818,  0.807135,  4.673515,  1.000000]
														}, 
														{
															"id": "Bone015", 
															"skeleton": false, 
															"transform": [ 0.006504, -0.020019,  0.999778,  0.000000,  0.308948, -0.950846, -0.021050,  0.000000,  0.951057,  0.309016,  0.000000,  0.000000,  11.845261, -0.869965, -15.391635,  1.000000]
														}
													]
												}
											]
										}
									]
								}, 
								{
									"id": "Bip001 L Thigh", 
									"skeleton": false, 
									"transform": [-0.367688,  0.929949,  0.000134,  0.000000,  0.876978,  0.346696,  0.332733,  0.000000,  0.309378,  0.122459, -0.943021,  0.000000, -21.467104,  0.535082,  17.133860,  1.000000], 
									"children": [
										{
											"id": "Bip001 L Calf", 
											"skeleton": false, 
											"transform": [ 0.515117, -0.857120,  0.000000,  0.000000,  0.857120,  0.515117, -0.000000,  0.000000, -0.000000,  0.000000,  1.000000,  0.000000,  13.159224, -0.000001,  0.000000,  1.000000], 
											"children": [
												{
													"id": "Bip001 L HorseLink", 
													"skeleton": false, 
													"transform": [ 0.090240,  0.995920, -0.000000,  0.000000, -0.995920,  0.090240, -0.000000,  0.000000, -0.000000,  0.000000,  1.000000,  0.000000,  10.815897, -0.000001,  0.000000,  1.000000], 
													"children": [
														{
															"id": "Bip001 L Foot", 
															"skeleton": false, 
															"transform": [ 0.979342, -0.160959,  0.122395,  0.000000,  0.183490,  0.961745, -0.203418,  0.000000, -0.084971,  0.221674,  0.971412,  0.000000,  6.579616,  0.000003,  0.000002,  1.000000], 
															"children": [
																{
																	"id": "Bip001 L Toe0", 
																	"skeleton": false, 
																	"transform": [ 0.142021,  0.975598, -0.167445,  0.000000, -0.989570,  0.144055,  0.000000,  0.000000,  0.024122,  0.165698,  0.985881,  0.000000,  3.783278,  4.868918, -0.000002,  1.000000]
																}
															]
														}
													]
												}
											]
										}
									]
								}, 
								{
									"id": "Bip001 R Thigh", 
									"skeleton": false, 
									"transform": [ 0.016511,  0.978703, -0.204614,  0.000000,  0.980003, -0.056425, -0.190814,  0.000000, -0.198295, -0.197372, -0.960064,  0.000000, -15.405213,  0.099705, -18.417847,  1.000000], 
									"children": [
										{
											"id": "Bip001 R Calf", 
											"skeleton": false, 
											"transform": [ 0.332268, -0.943185,  0.000000,  0.000000,  0.943185,  0.332268, -0.000000,  0.000000, -0.000000,  0.000000,  1.000000,  0.000000,  13.159225, -0.000001,  0.000000,  1.000000], 
											"children": [
												{
													"id": "Bip001 R HorseLink", 
													"skeleton": false, 
													"transform": [-0.255264,  0.966872, -0.000000,  0.000000, -0.966871, -0.255264, -0.000000,  0.000000, -0.000000,  0.000000,  1.000000,  0.000000,  10.815897, -0.000001,  0.000004,  1.000000], 
													"children": [
														{
															"id": "Bip001 R Foot", 
															"skeleton": false, 
															"transform": [ 0.745745, -0.646312, -0.161694,  0.000000,  0.661806,  0.690718,  0.291412,  0.000000, -0.076658, -0.324329,  0.942833,  0.000000,  6.579614, -0.000002,  0.000000,  1.000000], 
															"children": [
																{
																	"id": "Bip001 R Toe0", 
																	"skeleton": false, 
																	"transform": [ 0.142021,  0.975598,  0.167446,  0.000000, -0.989570,  0.144055, -0.000000,  0.000000, -0.024122, -0.165699,  0.985881,  0.000000,  3.783278,  4.868917,  0.000000,  1.000000]
																}
															]
														}
													]
												}
											]
										}
									]
								}
							]
						}
					]
				}, 
				{
					"id": "Bone001", 
					"skeleton": false, 
					"transform": [ 0.129785, -0.090431, -0.987410,  0.000000,  0.946169,  0.309091,  0.096057,  0.000000,  0.296513, -0.946723,  0.125678,  0.000000, -1.830376,  0.037423, -8.134956,  1.000000], 
					"children": [
						{
							"id": "Bone002", 
							"skeleton": false, 
							"transform": [ 0.968026, -0.249892, -0.021927,  0.000000,  0.249949,  0.968259, -0.000175,  0.000000,  0.021275, -0.005311,  0.999760,  0.000000,  13.859756,  0.000008, -0.000003,  1.000000], 
							"children": [
								{
									"id": "Bone003", 
									"skeleton": false, 
									"transform": [ 0.985496, -0.168470, -0.020368,  0.000000,  0.168497,  0.985702, -0.000366,  0.000000,  0.020139, -0.003071,  0.999792,  0.000000,  18.315510,  0.000011, -0.000001,  1.000000], 
									"children": [
										{
											"id": "Bone004", 
											"skeleton": false, 
											"transform": [ 0.992875, -0.119158, -0.000082,  0.000000,  0.119158,  0.992872,  0.002402,  0.000000, -0.000204, -0.002395,  0.999997,  0.000000,  14.930199,  0.000029,  0.000001,  1.000000], 
											"children": [
												{
													"id": "Bone005", 
													"skeleton": false, 
													"transform": [ 0.999875, -0.015800, -0.000000,  0.000000,  0.015800,  0.999875,  0.000000,  0.000000,  0.000000, -0.000000,  1.000000,  0.000000,  14.563255,  0.000047,  0.000000,  1.000000]
												}
											]
										}
									]
								}
							]
						}
					]
				}
			]
		}
	], 
	"animations": [
		{
			"id": "Take 001", 
			"length":  2.999999, 
			"bones": [
				{
					"boneId": "Bip001", 
					"keyframes": [
						{
							"keytime":  0.000000, 
							"rotation": [-0.077295, -0.059570, -0.695142,  0.712218], 
							"scale": [ 1.000000,  1.000000,  1.000000], 
							"translation": [ 2.146683,  26.655066, -1.158804]
						}, 
						{
							"keytime":  0.011111, 
							"translation": [ 1.970434,  26.547514, -1.158804]
						}, 
						{
							"keytime":  0.022222, 
							"rotation": [-0.077849, -0.057936, -0.695732,  0.711716], 
							"translation": [ 1.782354,  26.432743, -1.158804]
						}, 
						{
							"keytime":  0.033333, 
							"rotation": [-0.078134, -0.057094, -0.696035,  0.711457], 
							"translation": [ 1.577887,  26.307957, -1.158804]
						}, 
						{
							"keytime":  0.044444, 
							"translation": [ 1.370686,  26.181503, -1.158804]
						}, 
						{
							"keytime":  0.055556, 
							"translation": [ 1.156485,  26.050766, -1.158804]
						}, 
						{
							"keytime":  0.066667, 
							"rotation": [-0.078964, -0.054643, -0.696914,  0.710697], 
							"translation": [ 0.936880,  25.916725, -1.158804]
						}, 
						{
							"keytime":  0.077778, 
							"rotation": [-0.079249, -0.053802, -0.697214,  0.710435], 
							"translation": [ 0.706661,  25.776213, -1.158804]
						}, 
						{
							"keytime":  0.088889, 
							"rotation": [-0.079525, -0.052984, -0.697505,  0.710180], 
							"translation": [ 0.480991,  25.638468, -1.158804]
						}, 
						{
							"keytime":  0.100000, 
							"rotation": [-0.079810, -0.052142, -0.697804,  0.709916], 
							"translation": [ 0.247913,  25.496202, -1.158804]
						}, 
						{
							"keytime":  0.111111, 
							"translation": [ 0.022756,  25.358774, -1.158804]
						}, 
						{
							"keytime":  0.122222, 
							"rotation": [-0.080362, -0.050508, -0.698383,  0.709403], 
							"translation": [-0.199731,  25.222977, -1.158804]
						}, 
						{
							"keytime":  0.133333, 
							"rotation": [-0.080647, -0.049666, -0.698680,  0.709137], 
							"translation": [-0.424474,  25.085802, -1.158804]
						}, 
						{
							"keytime":  0.144445, 
							"translation": [-0.636632,  24.956316, -1.158804]
						}, 
						{
							"keytime":  0.155556, 
							"rotation": [-0.081199, -0.048031, -0.699255,  0.708620], 
							"translation": [-0.841286,  24.831415, -1.158804]
						}, 
						{
							"keytime":  0.166667, 
							"rotation": [-0.081483, -0.047189, -0.699550,  0.708352], 
							"translation": [-1.042599,  24.708559, -1.158804]
						}, 
						{
							"keytime":  0.177778, 
							"translation": [-1.227108,  24.595966, -1.158804]
						}, 
						{
							"keytime":  0.188889, 
							"rotation": [-0.082035, -0.045554, -0.700122,  0.707831], 
							"translation": [-1.399277,  24.490913, -1.158804]
						}, 
						{
							"keytime":  0.200000, 
							"rotation": [-0.082319, -0.044711, -0.700415,  0.707562], 
							"translation": [-1.562065,  24.391592, -1.158804]
						}, 
						{
							"keytime":  0.211111, 
							"translation": [-1.704273,  24.304844, -1.158804]
						}, 
						{
							"keytime":  0.222222, 
							"translation": [-1.829308,  24.228588, -1.158804]
						}, 
						{
							"keytime":  0.233333, 
							"rotation": [-0.083145, -0.042258, -0.701265,  0.706773], 
							"translation": [-1.935573,  24.163801, -1.158804]
						}, 
						{
							"keytime":  0.244445, 
							"rotation": [-0.083429, -0.041416, -0.701556,  0.706501], 
							"translation": [-2.023734,  24.110081, -1.158804]
						}, 
						{
							"keytime":  0.255556, 
							"translation": [-2.086982,  24.071571, -1.158804]
						}, 
						{
							"keytime":  0.266667, 
							"rotation": [-0.083980, -0.039780, -0.702118,  0.705971], 
							"translation": [-2.126627,  24.047487, -1.158804]
						}, 
						{
							"keytime":  0.277778, 
							"rotation": [-0.084263, -0.038937, -0.702407,  0.705697], 
							"translation": [-2.141129,  24.038771, -1.158804]
						}, 
						{
							"keytime":  0.288889, 
							"translation": [-2.120473,  24.051056, -1.158804]
						}, 
						{
							"keytime":  0.300000, 
							"rotation": [-0.084813, -0.037302, -0.702966,  0.705163], 
							"translation": [-2.059569,  24.087070, -1.158804]
						}, 
						{
							"keytime":  0.311111, 
							"rotation": [-0.085096, -0.036459, -0.703252,  0.704887], 
							"translation": [-1.958237,  24.147001, -1.158804]
						}, 
						{
							"keytime":  0.322222, 
							"translation": [-1.825857,  24.225395, -1.158804]
						}, 
						{
							"keytime":  0.333333, 
							"rotation": [-0.085646, -0.034823, -0.703807,  0.704349], 
							"translation": [-1.663368,  24.321775, -1.158804]
						}, 
						{
							"keytime":  0.344445, 
							"rotation": [-0.085929, -0.033980, -0.704092,  0.704071], 
							"translation": [-1.468031,  24.437868, -1.158804]
						}, 
						{
							"keytime":  0.355556, 
							"translation": [-1.254755,  24.564915, -1.158804]
						}, 
						{
							"keytime":  0.366667, 
							"rotation": [-0.086478, -0.032344, -0.704643,  0.703530], 
							"translation": [-1.021559,  24.704176, -1.158804]
						}, 
						{
							"keytime":  0.377778, 
							"rotation": [-0.086761, -0.031501, -0.704926,  0.703250], 
							"translation": [-0.764029,  24.858419, -1.158804]
						}, 
						{
							"keytime":  0.388889, 
							"rotation": [-0.087036, -0.030683, -0.705200,  0.702977], 
							"translation": [-0.500733,  25.016632, -1.158804]
						}, 
						{
							"keytime":  0.400000, 
							"rotation": [-0.087318, -0.029840, -0.705481,  0.702696], 
							"translation": [-0.219332,  25.186356, -1.158804]
						}, 
						{
							"keytime":  0.411111, 
							"translation": [ 0.060205,  25.355673, -1.158804]
						}, 
						{
							"keytime":  0.422222, 
							"rotation": [-0.087867, -0.028203, -0.706026,  0.702148], 
							"translation": [ 0.342646,  25.527571, -1.158804]
						}, 
						{
							"keytime":  0.433334, 
							"rotation": [-0.088149, -0.027360, -0.706305,  0.701865], 
							"translation": [ 0.633116,  25.705357, -1.158804]
						}, 
						{
							"keytime":  0.444445, 
							"translation": [ 0.911110,  25.876644, -1.158804]
						}, 
						{
							"keytime":  0.455556, 
							"rotation": [-0.088697, -0.025723, -0.706846,  0.701313], 
							"translation": [ 1.181819,  26.044748, -1.158804]
						}, 
						{
							"keytime":  0.466667, 
							"rotation": [-0.088979, -0.024880, -0.707124,  0.701028], 
							"translation": [ 1.449545,  26.212587, -1.158804]
						}, 
						{
							"keytime":  0.477778, 
							"translation": [ 1.695121,  26.368364, -1.158804]
						}, 
						{
							"keytime":  0.488889, 
							"rotation": [-0.089526, -0.023243, -0.707660,  0.700472], 
							"translation": [ 1.923223,  26.515182, -1.158804]
						}, 
						{
							"keytime":  0.500000, 
							"rotation": [-0.089808, -0.022400, -0.707936,  0.700185], 
							"translation": [ 2.136393,  26.655066, -1.158804]
						}, 
						{
							"keytime":  0.511111, 
							"translation": [ 2.337579,  26.537827, -1.158804]
						}, 
						{
							"keytime":  0.522223, 
							"rotation": [-0.089261, -0.024037, -0.707401,  0.700742], 
							"translation": [ 2.549929,  26.412115, -1.158804]
						}, 
						{
							"keytime":  0.533334, 
							"rotation": [-0.088979, -0.024880, -0.707124,  0.701028], 
							"translation": [ 2.778435,  26.275106, -1.158804]
						}, 
						{
							"keytime":  0.544445, 
							"translation": [ 3.007787,  26.136122, -1.158804]
						}, 
						{
							"keytime":  0.555556, 
							"rotation": [-0.088431, -0.026517, -0.706584,  0.701581], 
							"translation": [ 3.242723,  25.992483, -1.158804]
						}, 
						{
							"keytime":  0.566667, 
							"rotation": [-0.088149, -0.027360, -0.706305,  0.701865], 
							"translation": [ 3.488664,  25.840961, -1.158804]
						}, 
						{
							"keytime":  0.577778, 
							"translation": [ 3.729274,  25.691736, -1.158804]
						}, 
						{
							"keytime":  0.588889, 
							"rotation": [-0.087601, -0.028996, -0.705762,  0.702414], 
							"translation": [ 3.969888,  25.541655, -1.158804]
						}, 
						{
							"keytime":  0.600001, 
							"rotation": [-0.087318, -0.029840, -0.705481,  0.702696], 
							"translation": [ 4.215845,  25.387461, -1.158804]
						}, 
						{
							"keytime":  0.611112, 
							"translation": [ 4.450805,  25.239500, -1.158804]
						}, 
						{
							"keytime":  0.622223, 
							"rotation": [-0.086769, -0.031476, -0.704934,  0.703241], 
							"translation": [ 4.680191,  25.094467, -1.158804]
						}, 
						{
							"keytime":  0.633334, 
							"rotation": [-0.086487, -0.032319, -0.704651,  0.703521], 
							"translation": [ 4.908741,  24.949446, -1.158804]
						}, 
						{
							"keytime":  0.644445, 
							"translation": [ 5.121144,  24.814234, -1.158804]
						}, 
						{
							"keytime":  0.655556, 
							"rotation": [-0.085937, -0.033955, -0.704100,  0.704063], 
							"translation": [ 5.322391,  24.685753, -1.158804]
						}, 
						{
							"keytime":  0.666667, 
							"rotation": [-0.085654, -0.034798, -0.703815,  0.704341], 
							"translation": [ 5.516118,  24.561747, -1.158804]
						}, 
						{
							"keytime":  0.677778, 
							"translation": [ 5.689056,  24.450783, -1.158804]
						}, 
						{
							"keytime":  0.688890, 
							"rotation": [-0.085105, -0.036434, -0.703261,  0.704879], 
							"translation": [ 5.845260,  24.350344, -1.158804]
						}, 
						{
							"keytime":  0.700001, 
							"rotation": [-0.084822, -0.037277, -0.702974,  0.705155], 
							"translation": [ 5.986739,  24.259197, -1.158804]
						}, 
						{
							"keytime":  0.711112, 
							"translation": [ 6.103304,  24.183983, -1.158804]
						}, 
						{
							"keytime":  0.722223, 
							"rotation": [-0.084271, -0.038913, -0.702415,  0.705689], 
							"translation": [ 6.197554,  24.123081, -1.158804]
						}, 
						{
							"keytime":  0.733334, 
							"rotation": [-0.083988, -0.039755, -0.702127,  0.705963], 
							"translation": [ 6.269370,  24.076637, -1.158804]
						}, 
						{
							"keytime":  0.744445, 
							"translation": [ 6.312653,  24.048660, -1.158804]
						}, 
						{
							"keytime":  0.755556, 
							"rotation": [-0.083437, -0.041391, -0.701564,  0.706493], 
							"translation": [ 6.328057,  24.038788, -1.158804]
						}, 
						{
							"keytime":  0.766667, 
							"rotation": [-0.083154, -0.042233, -0.701274,  0.706765], 
							"translation": [ 6.311371,  24.049360, -1.158804]
						}, 
						{
							"keytime":  0.777778, 
							"translation": [ 6.263091,  24.079670, -1.158804]
						}, 
						{
							"keytime":  0.788889, 
							"rotation": [-0.082603, -0.043869, -0.700708,  0.707291], 
							"translation": [ 6.185503,  24.128302, -1.158804]
						}, 
						{
							"keytime":  0.800000, 
							"rotation": [-0.082318, -0.044711, -0.700415,  0.707562], 
							"translation": [ 6.077339,  24.196045, -1.158804]
						}, 
						{
							"keytime":  0.811112, 
							"translation": [ 5.947286,  24.277462, -1.158804]
						}, 
						{
							"keytime":  0.822223, 
							"rotation": [-0.081767, -0.046347, -0.699845,  0.708084], 
							"translation": [ 5.794860,  24.372862, -1.158804]
						}, 
						{
							"keytime":  0.833334, 
							"rotation": [-0.081483, -0.047189, -0.699550,  0.708352], 
							"translation": [ 5.616845,  24.484259, -1.158804]
						}, 
						{
							"keytime":  0.844445, 
							"translation": [ 5.426036,  24.603647, -1.158804]
						}, 
						{
							"keytime":  0.855556, 
							"translation": [ 5.219792,  24.732677, -1.158804]
						}, 
						{
							"keytime":  0.866667, 
							"rotation": [-0.080655, -0.049641, -0.698689,  0.709129], 
							"translation": [ 5.000401,  24.869926, -1.158804]
						}, 
						{
							"keytime":  0.877778, 
							"rotation": [-0.080371, -0.050483, -0.698392,  0.709395], 
							"translation": [ 4.763037,  25.018414, -1.158804]
						}, 
						{
							"keytime":  0.888889, 
							"translation": [ 4.523993,  25.167944, -1.158804]
						}, 
						{
							"keytime":  0.900000, 
							"rotation": [-0.079818, -0.052118, -0.697813,  0.709908], 
							"translation": [ 4.278736,  25.321358, -1.158804]
						}, 
						{
							"keytime":  0.911111, 
							"rotation": [-0.079533, -0.052960, -0.697514,  0.710172], 
							"translation": [ 4.021980,  25.481960, -1.158804]
						}, 
						{
							"keytime":  0.922222, 
							"translation": [ 3.771151,  25.638855, -1.158804]
						}, 
						{
							"keytime":  0.933333, 
							"rotation": [-0.078980, -0.054594, -0.696931,  0.710682], 
							"translation": [ 3.521049,  25.795298, -1.158804]
						}, 
						{
							"keytime":  0.944445, 
							"rotation": [-0.078695, -0.055436, -0.696630,  0.710943], 
							"translation": [ 3.266555,  25.954489, -1.158804]
						}, 
						{
							"keytime":  0.955556, 
							"translation": [ 3.024964,  26.105614, -1.158804]
						}, 
						{
							"keytime":  0.966667, 
							"rotation": [-0.078142, -0.057070, -0.696044,  0.711449], 
							"translation": [ 2.791034,  26.251947, -1.158804]
						}, 
						{
							"keytime":  0.977778, 
							"rotation": [-0.077857, -0.057911, -0.695741,  0.711709], 
							"translation": [ 2.560456,  26.396193, -1.158804]
						}, 
						{
							"keytime":  0.988889, 
							"translation": [ 2.349120,  26.528406, -1.158804]
						}, 
						{
							"keytime":  1.000000, 
							"rotation": [-0.077303, -0.059545, -0.695151,  0.712211], 
							"scale": [ 1.000000,  1.000000,  1.000000], 
							"translation": [ 2.152626,  26.651346, -1.158804]
						}
					]
				}, 
				{
					"boneId": "Bip001 Pelvis", 
					"keyframes": [
						{
							"keytime":  0.000000, 
							"rotation": [ 0.532535,  0.532536,  0.465194, -0.465195], 
							"scale": [ 1.000000,  1.000000,  1.000000], 
							"translation": [ 0.000000,  0.000000,  0.000000]
						}, 
						{
							"keytime":  0.011111, 
							"rotation": [ 0.529843,  0.532552,  0.468073, -0.465363]
						}, 
						{
							"keytime":  0.022222, 
							"rotation": [ 0.527079,  0.532673,  0.471005, -0.465405]
						}, 
						{
							"keytime":  0.033333, 
							"rotation": [ 0.524164,  0.532889,  0.474073, -0.465334]
						}, 
						{
							"keytime":  0.044444, 
							"rotation": [ 0.521281,  0.533170,  0.477085, -0.465173]
						}, 
						{
							"keytime":  0.055556, 
							"rotation": [ 0.518353,  0.533504,  0.480123, -0.464937]
						}, 
						{
							"keytime":  0.066667, 
							"rotation": [ 0.515389,  0.533873,  0.483176, -0.464645]
						}, 
						{
							"keytime":  0.077778, 
							"rotation": [ 0.512309,  0.534273,  0.486328, -0.464303]
						}, 
						{
							"keytime":  0.088889, 
							"rotation": [ 0.509303,  0.534662,  0.489385, -0.463949]
						}, 
						{
							"keytime":  0.100000, 
							"rotation": [ 0.506199,  0.535047,  0.492522, -0.463583]
						}, 
						{
							"keytime":  0.111111, 
							"rotation": [ 0.503190,  0.535389,  0.495545, -0.463243]
						}, 
						{
							"keytime":  0.122222, 
							"rotation": [ 0.500194,  0.535682,  0.498539, -0.462936]
						}, 
						{
							"keytime":  0.133333, 
							"rotation": [ 0.497133,  0.535916,  0.501583, -0.462674]
						}, 
						{
							"keytime":  0.144445, 
							"rotation": [ 0.494197,  0.536060,  0.504490, -0.462491]
						}, 
						{
							"keytime":  0.155556, 
							"rotation": [ 0.491305,  0.536108,  0.507342, -0.462398]
						}, 
						{
							"keytime":  0.166667, 
							"rotation": [ 0.488384,  0.536038,  0.510213, -0.462414]
						}, 
						{
							"keytime":  0.177778, 
							"rotation": [ 0.485614,  0.535840,  0.512927, -0.462558]
						}, 
						{
							"keytime":  0.188889, 
							"rotation": [ 0.482922,  0.535496,  0.515561, -0.462847]
						}, 
						{
							"keytime":  0.200000, 
							"rotation": [ 0.480238,  0.534974,  0.518182, -0.463316]
						}, 
						{
							"keytime":  0.211111, 
							"rotation": [ 0.477732,  0.534288,  0.520627, -0.463956]
						}, 
						{
							"keytime":  0.222222, 
							"rotation": [ 0.475334,  0.533409,  0.522968, -0.464797]
						}, 
						{
							"keytime":  0.233333, 
							"rotation": [ 0.473055,  0.532321,  0.525195, -0.465858]
						}, 
						{
							"keytime":  0.244445, 
							"rotation": [ 0.470840,  0.530966,  0.527362, -0.467198]
						}, 
						{
							"keytime":  0.255556, 
							"rotation": [ 0.468832,  0.529406,  0.529332, -0.468757]
						}, 
						{
							"keytime":  0.266667, 
							"rotation": [ 0.466932,  0.527447,  0.531204, -0.470740]
						}, 
						{
							"keytime":  0.277778, 
							"rotation": [ 0.465049,  0.524889,  0.533071, -0.473347]
						}, 
						{
							"keytime":  0.288889, 
							"rotation": [ 0.463290,  0.521936,  0.534813, -0.476361]
						}, 
						{
							"keytime":  0.300000, 
							"rotation": [ 0.461598,  0.518575,  0.536482, -0.479786]
						}, 
						{
							"keytime":  0.311111, 
							"rotation": [ 0.459921,  0.514744,  0.538117, -0.483675]
						}, 
						{
							"keytime":  0.322222, 
							"rotation": [ 0.458358,  0.510725,  0.539614, -0.487735]
						}, 
						{
							"keytime":  0.333333, 
							"rotation": [ 0.456858,  0.506465,  0.541018, -0.492009]
						}, 
						{
							"keytime":  0.344445, 
							"rotation": [ 0.455378,  0.501886,  0.542363, -0.496572]
						}, 
						{
							"keytime":  0.355556, 
							"rotation": [-0.454005, -0.497316, -0.543565,  0.501092]
						}, 
						{
							"keytime":  0.366667, 
							"rotation": [-0.452698, -0.492681, -0.544665,  0.505638]
						}, 
						{
							"keytime":  0.377778, 
							"rotation": [-0.451422, -0.487903, -0.545687,  0.510288]
						}, 
						{
							"keytime":  0.388889, 
							"rotation": [-0.450257, -0.483324, -0.546574,  0.514706]
						}, 
						{
							"keytime":  0.400000, 
							"rotation": [-0.449138, -0.478735, -0.547379,  0.519100]
						}, 
						{
							"keytime":  0.411111, 
							"rotation": [-0.448134, -0.474468, -0.548059,  0.523151]
						}, 
						{
							"keytime":  0.422222, 
							"rotation": [-0.447219, -0.470452, -0.548641,  0.526938]
						}, 
						{
							"keytime":  0.433334, 
							"rotation": [-0.446377, -0.466644, -0.549143,  0.530502]
						}, 
						{
							"keytime":  0.444445, 
							"rotation": [-0.445665, -0.463335, -0.549541,  0.533581]
						}, 
						{
							"keytime":  0.455556, 
							"rotation": [-0.445063, -0.460473, -0.549856,  0.536229]
						}, 
						{
							"keytime":  0.466667, 
							"rotation": [-0.444569, -0.458062, -0.550100,  0.538450]
						}, 
						{
							"keytime":  0.477778, 
							"rotation": [-0.444217, -0.456309, -0.550263,  0.540059]
						}, 
						{
							"keytime":  0.488889, 
							"rotation": [-0.444000, -0.455202, -0.550360,  0.541073]
						}, 
						{
							"keytime":  0.500000, 
							"rotation": [-0.443923, -0.454803, -0.550392,  0.541438]
						}, 
						{
							"keytime":  0.511111, 
							"rotation": [-0.443986, -0.455144, -0.550367,  0.541125]
						}, 
						{
							"keytime":  0.522223, 
							"rotation": [-0.444170, -0.456132, -0.550290,  0.540220]
						}, 
						{
							"keytime":  0.533334, 
							"rotation": [-0.444484, -0.457768, -0.550151,  0.538717]
						}, 
						{
							"keytime":  0.544445, 
							"rotation": [-0.444902, -0.459900, -0.549955,  0.536754]
						}, 
						{
							"keytime":  0.555556, 
							"rotation": [-0.445427, -0.462509, -0.549691,  0.534340]
						}, 
						{
							"keytime":  0.566667, 
							"rotation": [-0.446074, -0.465638, -0.549345,  0.531431]
						}, 
						{
							"keytime":  0.577778, 
							"rotation": [-0.446798, -0.469046, -0.548930,  0.528246]
						}, 
						{
							"keytime":  0.588889, 
							"rotation": [-0.447612, -0.472761, -0.548431,  0.524752]
						}, 
						{
							"keytime":  0.600001, 
							"rotation": [-0.448537, -0.476851, -0.547826,  0.520878]
						}, 
						{
							"keytime":  0.611112, 
							"rotation": [-0.449517, -0.481020, -0.547145,  0.516901]
						}, 
						{
							"keytime":  0.622223, 
							"rotation": [-0.450571, -0.485329, -0.546369,  0.512759]
						}, 
						{
							"keytime":  0.633334, 
							"rotation": [-0.451732, -0.489858, -0.545468,  0.508372]
						}, 
						{
							"keytime":  0.644445, 
							"rotation": [-0.452929, -0.494286, -0.544492,  0.504050]
						}, 
						{
							"keytime":  0.655556, 
							"rotation": [ 0.454192,  0.498693,  0.543415, -0.499715]
						}, 
						{
							"keytime":  0.666667, 
							"rotation": [ 0.455561,  0.503157,  0.542202, -0.495291]
						}, 
						{
							"keytime":  0.677778, 
							"rotation": [ 0.456957,  0.507364,  0.540925, -0.491092]
						}, 
						{
							"keytime":  0.688890, 
							"rotation": [ 0.458417,  0.511397,  0.539553, -0.487042]
						}, 
						{
