{
	"version": "0.7", 
	"id": "", 
	"meshes": [], 
	"materials": [], 
	"nodes": [
		{
			"id": "Bip01", 
			"skeleton": false, 
			"transform": [ 0.000000, -1.000000, -0.000000,  0.000000,  0.987476,  0.000000,  0.157771,  0.000000, -0.157771, -0.000000,  0.987476,  0.000000,  0.000000,  52.786484, -35.053455,  1.000000], 
			"children": [
				{
					"id": "Bip01 Pelvis", 
					"skeleton": false, 
					"transform": [ 0.000000, -0.000000,  1.000000,  0.000000,  1.000000,  0.000001, -0.000000,  0.000000, -0.000001,  1.000000,  0.000000,  0.000000,  0.000000,  0.000000,  0.000000,  1.000000], 
					"children": [
						{
							"id": "Bip01 Spine", 
							"skeleton": false, 
							"transform": [ 0.961807, -0.273728,  0.000002,  0.000000,  0.273728,  0.961807, -0.000004,  0.000000, -0.000001,  0.000004,  1.000000,  0.000000,  28.792732, -0.017647,  0.000040,  1.000000], 
							"children": [
								{
									"id": "Bip01 Spine1", 
									"skeleton": false, 
									"transform": [ 0.971631, -0.236501, -0.000001,  0.000000,  0.236501,  0.971631, -0.000000,  0.000000,  0.000001, -0.000000,  1.000000,  0.000000,  23.042376, -0.017826, -0.000000,  1.000000], 
									"children": [
										{
											"id": "Bip01 Spine2", 
											"skeleton": false, 
											"transform": [ 0.958397, -0.285440, -0.000001,  0.000000,  0.285440,  0.958397, -0.000000,  0.000000,  0.000001, -0.000000,  1.000000,  0.000000,  23.041500, -0.017586,  0.000000,  1.000000], 
											"children": [
												{
													"id": "Bip01 Spine3", 
													"skeleton": false, 
													"transform": [ 0.982146, -0.188123, -0.000001,  0.000000,  0.188123,  0.982145, -0.000000,  0.000000,  0.000001, -0.000000,  1.000000,  0.000000,  23.043259, -0.018030, -0.000000,  1.000000], 
													"children": [
														{
															"id": "Bip01 Neck", 
															"skeleton": false, 
															"transform": [ 0.966994, -0.254798, -0.000001,  0.000000,  0.254798,  0.966994, -0.000000,  0.000000,  0.000001, -0.000000,  1.000000,  0.000000,  24.610115, -0.026478, -0.000001,  1.000000], 
															"children": [
																{
																	"id": "Bip01 Neck1", 
																	"skeleton": false, 
																	"transform": [ 0.958073, -0.286523, -0.000001,  0.000000,  0.286523,  0.958073, -0.000000,  0.000000,  0.000001, -0.000000,  1.000000,  0.000000,  18.102432, -0.017193, -0.000001,  1.000000], 
																	"children": [
																		{
																			"id": "Bip01 Head", 
																			"skeleton": false, 
																			"transform": [-0.004413,  0.999990,  0.000003,  0.000000, -0.999990, -0.004413, -0.000003,  0.000000, -0.000003, -0.000003,  1.000000,  0.000000,  22.524338, -0.000008, -0.000001,  1.000000], 
																			"children": [
																				{
																					"id": "Bone48", 
																					"skeleton": false, 
																					"transform": [ 0.938904,  0.344180,  0.000001,  0.000000,  0.344180, -0.938904, -0.000004,  0.000000, -0.000000,  0.000004, -1.000000,  0.000000,  23.227913,  20.683167, -0.000175,  1.000000]
																				}, 
																				{
																					"id": "Bone053", 
																					"skeleton": false, 
																					"transform": [ 0.961091, -0.276234, -0.000002,  0.000000, -0.276234, -0.961091, -0.000003,  0.000000, -0.000001,  0.000004, -1.000000,  0.000000,  15.984764, -3.542038, -0.534881,  1.000000]
																				}, 
																				{
																					"id": "Bone052", 
																					"skeleton": false, 
																					"transform": [ 0.961091, -0.276234, -0.000002,  0.000000, -0.276234, -0.961091, -0.000003,  0.000000, -0.000001,  0.000004, -1.000000,  0.000000,  15.840240, -4.044891, -3.305830,  1.000000]
																				}
																			]
																		}
																	]
																}, 
																{
																	"id": "Bip01 L Clavicle", 
																	"skeleton": false, 
																	"transform": [-0.449391,  0.324907,  0.832156,  0.000000,  0.225855, -0.859931,  0.457721,  0.000000,  0.864313,  0.393642,  0.313063,  0.000000, -38.408302, -23.286419,  8.963378,  1.000000], 
																	"children": [
																		{
																			"id": "Bip01 L UpperArm", 
																			"skeleton": false, 
																			"transform": [ 0.541885, -0.014314, -0.840330,  0.000000, -0.383855,  0.885264, -0.262608,  0.000000,  0.747674,  0.464868,  0.474217,  0.000000,  27.410286, -0.000002,  0.000000,  1.000000], 
																			"children": [
																				{
																					"id": "Bip01 L Forearm", 
																					"skeleton": false, 
																					"transform": [ 0.495809, -0.868432,  0.000000,  0.000000,  0.868432,  0.495808,  0.000000,  0.000000,  0.000000,  0.000000,  1.000000,  0.000000,  38.500862, -0.000002, -0.000000,  1.000000], 
																					"children": [
																						{
																							"id": "Bip01 L Hand", 
																							"skeleton": false, 
																							"transform": [ 0.659141, -0.742991,  0.116182,  0.000000,  0.742883,  0.619306, -0.254135,  0.000000,  0.116868,  0.253820,  0.960165,  0.000000,  27.019733,  0.000002,  0.000004,  1.000000]
																						}
																					]
																				}
																			]
																		}
																	]
																}, 
																{
																	"id": "Bip01 R Clavicle", 
																	"skeleton": false, 
																	"transform": [-0.467893,  0.417306, -0.779058,  0.000000,  0.210976, -0.803277, -0.556988,  0.000000, -0.858234, -0.424973,  0.287806,  0.000000, -38.408302, -23.286367, -8.963507,  1.000000], 
																	"children": [
																		{
																			"id": "Bip01 R UpperArm", 
																			"skeleton": false, 
																			"transform": [ 0.537104,  0.010093,  0.843455,  0.000000, -0.478146,  0.827405,  0.294578,  0.000000, -0.694906, -0.561514,  0.449229,  0.000000,  27.410284, -0.000004,  0.000000,  1.000000], 
																			"children": [
																				{
																					"id": "Bip01 R Forearm", 
																					"skeleton": false, 
																					"transform": [ 0.495808, -0.868432,  0.000000,  0.000000,  0.868432,  0.495808,  0.000000,  0.000000, -0.000000, -0.000000,  1.000000,  0.000000,  38.500862,  0.000001,  0.000004,  1.000000], 
																					"children": [
																						{
																							"id": "Bip01 R Hand", 
																							"skeleton": false, 
																							"transform": [ 0.659141, -0.742991, -0.116182,  0.000000,  0.742883,  0.619306,  0.254135,  0.000000, -0.116868, -0.253821,  0.960165,  0.000000,  27.019737,  0.000002, -0.000000,  1.000000]
																						}
																					]
																				}
																			]
																		}
																	]
																}
															]
														}
													]
												}, 
												{
													"id": "Bone01", 
													"skeleton": false, 
													"transform": [-0.166092, -0.756976,  0.631982,  0.000000, -0.971656,  0.234956,  0.026064,  0.000000, -0.168218, -0.609740, -0.774544,  0.000000,  8.488503, -11.444338,  8.532942,  1.000000], 
													"children": [
														{
															"id": "Bone02", 
															"skeleton": false, 
															"transform": [ 0.994531,  0.036179,  0.097984,  0.000000, -0.040240,  0.998398,  0.039795,  0.000000, -0.096387, -0.043520,  0.994392,  0.000000,  38.615330, -0.000008, -0.000002,  1.000000], 
															"children": [
																{
																	"id": "Bone03", 
																	"skeleton": false, 
																	"transform": [ 0.385227, -0.876496, -0.288711,  0.000000,  0.806735,  0.471771, -0.355822,  0.000000,  0.448083, -0.095841,  0.888840,  0.000000,  17.264187,  0.021820,  0.003986,  1.000000], 
																	"children": [
																		{
																			"id": "Bone04", 
																			"skeleton": false, 
																			"transform": [ 0.116860,  0.991262,  0.061195,  0.000000, -0.991935,  0.119540, -0.042141,  0.000000, -0.049088, -0.055777,  0.997236,  0.000000,  57.132034,  0.000034,  0.000008,  1.000000], 
																			"children": [
																				{
																					"id": "Bone17", 
																					"skeleton": false, 
																					"transform": [ 0.935728,  0.257938, -0.240583,  0.000000, -0.095530,  0.841912,  0.531091,  0.000000,  0.339539, -0.473975,  0.812442,  0.000000,  46.871025, -0.639359,  0.695934,  1.000000], 
																					"children": [
																						{
																							"id": "Bone18", 
																							"skeleton": false, 
																							"transform": [ 0.957542,  0.278964, -0.072744,  0.000000, -0.248326,  0.926285,  0.283426,  0.000000,  0.146447, -0.253328,  0.956231,  0.000000,  58.689613, -0.000000,  0.000015,  1.000000]
																						}
																					]
																				}
																			]
																		}, 
																		{
																			"id": "Bone08", 
																			"skeleton": false, 
																			"transform": [-0.650358,  0.756401,  0.069936,  0.000000, -0.323085, -0.192112, -0.926666,  0.000000, -0.687496, -0.625261,  0.369323,  0.000000,  56.668716,  3.304541,  0.674694,  1.000000]
																		}
																	]
																}
															]
														}
													]
												}, 
												{
													"id": "Bone20", 
													"skeleton": false, 
													"transform": [-0.153262, -0.725617, -0.670813,  0.000000, -0.860154,  0.432133, -0.270917,  0.000000,  0.486463,  0.535481, -0.690372,  0.000000,  6.526672, -20.063227, -15.944763,  1.000000], 
													"children": [
														{
															"id": "Bone21", 
															"skeleton": false, 
															"transform": [ 0.966484, -0.132641, -0.219811,  0.000000, -0.171691,  0.302624, -0.937519,  0.000000,  0.190873,  0.943835,  0.269708,  0.000000,  29.547958, -0.000008, -0.000000,  1.000000], 
															"children": [
																{
																	"id": "Bone22", 
																	"skeleton": false, 
																	"transform": [ 0.240953, -0.858805, -0.452100,  0.000000,  0.953954,  0.295314, -0.052551,  0.000000,  0.178642, -0.418620,  0.890418,  0.000000,  27.153374,  0.000008,  0.000000,  1.000000], 
																	"children": [
																		{
																			"id": "Bone23", 
																			"skeleton": false, 
																			"transform": [-0.103950,  0.747726,  0.655821,  0.000000, -0.760308,  0.365359, -0.537071,  0.000000, -0.641191, -0.554454,  0.530523,  0.000000,  55.744072,  0.000023, -0.000023,  1.000000], 
																			"children": [
																				{
																					"id": "Bone24", 
																					"skeleton": false, 
																					"transform": [ 0.946042, -0.118181,  0.301725,  0.000000,  0.041390, -0.879424, -0.474235,  0.000000,  0.321390,  0.461135, -0.827081,  0.000000,  54.716877, -0.746391,  0.812408,  1.000000], 
																					"children": [
																						{
																							"id": "Bone25", 
																							"skeleton": false, 
																							"transform": [ 0.936265, -0.346959, -0.055025,  0.000000, -0.174870, -0.324457, -0.929595,  0.000000,  0.304678,  0.879970, -0.364451,  0.000000,  43.159378, -0.000076,  0.000015,  1.000000]
																						}
																					]
																				}
																			]
																		}, 
																		{
																			"id": "Bone33", 
																			"skeleton": false, 
																			"transform": [-0.742786,  0.443587,  0.501495,  0.000000, -0.667141, -0.553560, -0.498491,  0.000000,  0.056483, -0.704842,  0.707113,  0.000000,  49.340431, -4.374168,  2.698669,  1.000000]
																		}
																	]
																}
															]
														}
													]
												}
											]
										}
									]
								}
							]
						}, 
						{
							"id": "Bip01 L Thigh", 
							"skeleton": false, 
							"transform": [ 0.186882,  0.969697,  0.157364,  0.000000,  0.980166, -0.194806,  0.036395,  0.000000,  0.065948,  0.147442, -0.986870,  0.000000, -0.000046,  0.000050,  32.938152,  1.000000], 
							"children": [
								{
									"id": "Bip01 L Calf", 
									"skeleton": false, 
									"transform": [ 0.080539, -0.996751,  0.000000,  0.000000,  0.996751,  0.080539, -0.000000,  0.000000, -0.000000, -0.000000,  1.000000,  0.000000,  19.065292,  0.000000,  0.000000,  1.000000], 
									"children": [
										{
											"id": "Bip01 L HorseLink", 
											"skeleton": false, 
											"transform": [ 0.229906,  0.973213,  0.000000,  0.000000, -0.973213,  0.229906, -0.000000,  0.000000, -0.000000, -0.000000,  1.000000,  0.000000,  23.533150, -0.000000,  0.000000,  1.000000], 
											"children": [
												{
													"id": "Bip01 L Foot", 
													"skeleton": false, 
													"transform": [ 0.993128, -0.034646,  0.111784,  0.000000,  0.077998,  0.908055, -0.411525,  0.000000, -0.087249,  0.417416,  0.904517,  0.000000,  13.781954,  0.000008, -0.000004,  1.000000], 
													"children": [
														{
															"id": "Bip01 L Toe0", 
															"skeleton": false, 
															"transform": [ 0.000000,  1.000000,  0.000000,  0.000000, -1.000000,  0.000000, -0.000000,  0.000000, -0.000000, -0.000000,  1.000000,  0.000000,  14.525727,  12.105043,  0.000000,  1.000000], 
															"children": [
																{
																	"id": "Bip01 L Toe01", 
																	"skeleton": false, 
																	"transform": [ 0.987398, -0.158253,  0.000000,  0.000000,  0.158253,  0.987399, -0.000000,  0.000000, -0.000000,  0.000000,  1.000000,  0.000000,  2.204477, -0.000000,  0.000004,  1.000000]
																}
															]
														}
													]
												}
											]
										}
									]
								}
							]
						}, 
						{
							"id": "Bip01 R Thigh", 
							"skeleton": false, 
							"transform": [ 0.193929,  0.973296, -0.122831,  0.000000,  0.976909, -0.203042, -0.066506,  0.000000, -0.089670, -0.107097, -0.990197,  0.000000,  0.000050, -0.000046, -32.938148,  1.000000], 
							"children": [
								{
									"id": "Bip01 R Calf", 
									"skeleton": false, 
									"transform": [ 0.080540, -0.996751, -0.000000,  0.000000,  0.996751,  0.080540,  0.000000,  0.000000,  0.000000, -0.000000,  1.000000,  0.000000,  19.065289, -0.000008, -0.000008,  1.000000], 
									"children": [
										{
											"id": "Bip01 R HorseLink", 
											"skeleton": false, 
											"transform": [ 0.229909,  0.973212, -0.000000,  0.000000, -0.973212,  0.229909, -0.000000,  0.000000, -0.000000,  0.000000,  1.000000,  0.000000,  23.533138, -0.000004,  0.000004,  1.000000], 
											"children": [
												{
													"id": "Bip01 R Foot", 
													"skeleton": false, 
													"transform": [ 0.996578, -0.041358, -0.071570,  0.000000,  0.066185,  0.917944,  0.391151,  0.000000,  0.049520, -0.394549,  0.917540,  0.000000,  13.781954,  0.000000, -0.000000,  1.000000], 
													"children": [
														{
															"id": "Bip01 R Toe0", 
															"skeleton": false, 
															"transform": [ 0.000000,  1.000000, -0.000000,  0.000000, -1.000000,  0.000000, -0.000000,  0.000000, -0.000000,  0.000000,  1.000000,  0.000000,  14.525728,  12.105042,  0.000000,  1.000000], 
															"children": [
																{
																	"id": "Bip01 R Toe01", 
																	"skeleton": false, 
																	"transform": [ 0.987399, -0.158253, -0.000000,  0.000000,  0.158253,  0.987399, -0.000000,  0.000000,  0.000000, -0.000000,  1.000000,  0.000000,  2.204476, -0.000000, -0.000004,  1.000000]
																}
															]
														}
													]
												}
											]
										}
									]
								}
							]
						}, 
						{
							"id": "Bone05", 
							"skeleton": false, 
							"transform": [-0.970567,  0.240829,  0.000000,  0.000000,  0.240829,  0.970568, -0.000002,  0.000000, -0.000001, -0.000001, -1.000000,  0.000000, -3.124607, -0.699047,  0.000001,  1.000000], 
							"children": [
								{
									"id": "Bone07", 
									"skeleton": false, 
									"transform": [ 0.996802,  0.079906, -0.000000,  0.000000, -0.079906,  0.996802, -0.000000,  0.000000,  0.000000,  0.000000,  1.000000,  0.000000,  36.644722, -0.001282,  0.000000,  1.000000], 
									"children": [
										{
											"id": "Bone37", 
											"skeleton": false, 
											"transform": [ 0.989600, -0.143849,  0.000000,  0.000000,  0.143849,  0.989600, -0.000000,  0.000000, -0.000000,  0.000000,  1.000000,  0.000000,  32.874283,  0.000023,  0.000000,  1.000000], 
											"children": [
												{
													"id": "Bone38", 
													"skeleton": false, 
													"transform": [ 0.973682, -0.227909,  0.000000,  0.000000,  0.227909,  0.973682, -0.000003,  0.000000,  0.000001,  0.000003,  1.000000,  0.000000,  34.327820,  0.000019,  0.000001,  1.000000], 
													"children": [
														{
															"id": "Bone39", 
															"skeleton": false, 
															"transform": [ 0.997880, -0.065080,  0.000003,  0.000000,  0.065080,  0.997880, -0.000008,  0.000000, -0.000003,  0.000008,  1.000000,  0.000000,  34.797882,  0.000160, -0.000001,  1.000000], 
															"children": [
																{
																	"id": "Bone40", 
																	"skeleton": false, 
																	"transform": [ 0.995284,  0.067120, -0.070038,  0.000000, -0.066986,  0.997745,  0.004267,  0.000000,  0.070166,  0.000444,  0.997535,  0.000000,  30.135971, -0.000055,  0.000002,  1.000000]
																}
															]
														}
													]
												}
											]
										}
									]
								}
							]
						}
					]
				}
			]
		}
	], 
	"animations": [
		{
			"id": "Take 001", 
			"length":  4.399998, 
			"bones": [
				{
					"boneId": "Bip01", 
					"keyframes": [
						{
							"keytime":  0.090909, 
							"rotation": [ 0.011423, -0.011423, -0.707015,  0.707015], 
							"scale": [ 1.000000,  1.000000,  1.000000], 
							"translation": [-7.428251,  52.786484, -35.053455]
						}, 
						{
							"keytime":  0.098485, 
							"rotation": [ 0.011185, -0.008935, -0.706626,  0.707442], 
							"translation": [-7.427333,  52.856113, -34.970123]
						}, 
						{
							"keytime":  0.106061, 
							"rotation": [ 0.011118, -0.006537, -0.706211,  0.707884], 
							"translation": [-7.392230,  52.931934, -34.883667]
						}, 
						{
							"keytime":  0.113636, 
							"rotation": [ 0.011213, -0.004137, -0.705778,  0.708333], 
							"translation": [-7.322501,  53.015965, -34.791725]
						}, 
						{
							"keytime":  0.121212, 
							"rotation": [ 0.011443, -0.001872, -0.705346,  0.708769], 
							"translation": [-7.224354,  53.102699, -34.700073]
						}, 
						{
							"keytime":  0.128788, 
							"rotation": [ 0.011809,  0.000321, -0.704903,  0.709205], 
							"translation": [-7.098293,  53.193985, -34.606419]
						}, 
						{
							"keytime":  0.136364, 
							"rotation": [ 0.012318,  0.002505, -0.704438,  0.709655], 
							"translation": [-6.941419,  53.292217, -34.508213]
						}, 
						{
							"keytime":  0.143939, 
							"rotation": [ 0.012933,  0.004550, -0.703977,  0.710091], 
							"translation": [-6.765060,  53.391045, -34.411633]
						}, 
						{
							"keytime":  0.151515, 
							"rotation": [ 0.013652,  0.006525, -0.703508,  0.710526], 
							"translation": [-6.567066,  53.492786, -34.314163]
						}, 
						{
							"keytime":  0.159091, 
							"rotation": [ 0.014472,  0.008426, -0.703032,  0.710961], 
							"translation": [-6.349509,  53.596878, -34.216167]
						}, 
						{
							"keytime":  0.166667, 
							"rotation": [ 0.015409,  0.010310, -0.702535,  0.711408], 
							"translation": [-6.107093,  53.705994, -34.115059]
						}, 
						{
							"keytime":  0.174242, 
							"rotation": [ 0.016400,  0.012064, -0.702047,  0.711840], 
							"translation": [-5.856186,  53.813168, -34.017151]
						}, 
						{
							"keytime":  0.181818, 
							"rotation": [ 0.017463,  0.013745, -0.701554,  0.712270], 
							"translation": [-5.591991,  53.921036, -33.919849]
						}, 
						{
							"keytime":  0.189394, 
							"rotation": [ 0.018622,  0.015400, -0.701041,  0.712711], 
							"translation": [-5.308090,  54.032330, -33.820618]
						}, 
						{
							"keytime":  0.196970, 
							"rotation": [ 0.019800,  0.016931, -0.700540,  0.713137], 
							"translation": [-5.023291,  54.139935, -33.725674]
						}, 
						{
							"keytime":  0.204546, 
							"rotation": [ 0.021023,  0.018388, -0.700037,  0.713561], 
							"translation": [-4.731478,  54.246578, -33.632439]
						}, 
						{
							"keytime":  0.212121, 
							"rotation": [ 0.022319,  0.019812, -0.699516,  0.713994], 
							"translation": [-4.425690,  54.354881, -33.538570]
						}, 
						{
							"keytime":  0.219697, 
							"rotation": [ 0.023603,  0.021118, -0.699009,  0.714411], 
							"translation": [-4.126016,  54.457905, -33.449963]
						}, 
						{
							"keytime":  0.227273, 
							"rotation": [ 0.024903,  0.022350, -0.698503,  0.714824], 
							"translation": [-3.825608,  54.558323, -33.364193]
						}, 
						{
							"keytime":  0.234849, 
							"rotation": [ 0.026250,  0.023540, -0.697982,  0.715247], 
							"translation": [-3.517527,  54.658470, -33.279171]
						}, 
						{
							"keytime":  0.242424, 
							"rotation": [ 0.027555,  0.024619, -0.697477,  0.715654], 
							"translation": [-3.222000,  54.751907, -33.200294]
						}, 
						{
							"keytime":  0.250000, 
							"rotation": [ 0.028849,  0.025622, -0.696975,  0.716056], 
							"translation": [-2.932017,  54.841072, -33.125362]
						}, 
						{
							"keytime":  0.257576, 
							"rotation": [ 0.030162,  0.026577, -0.696462,  0.716467], 
							"translation": [-2.641240,  54.927917, -33.052685]
						}, 
						{
							"keytime":  0.265152, 
							"rotation": [ 0.031406,  0.027425, -0.695968,  0.716861], 
							"translation": [-2.368882,  55.006752, -32.986916]
						}, 
						{
							"keytime":  0.272727, 
							"rotation": [ 0.032648,  0.028221, -0.695464,  0.717263], 
							"translation": [-2.100663,  55.081783, -32.924461]
						}, 
						{
							"keytime":  0.280303, 
							"rotation": [ 0.033805,  0.028914, -0.694982,  0.717649], 
							"translation": [-1.854468,  55.148045, -32.869370]
						}, 
						{
							"keytime":  0.287879, 
							"rotation": [ 0.034906,  0.029531, -0.694508,  0.718031], 
							"translation": [-1.624297,  55.207260, -32.820103]
						}, 
						{
							"keytime":  0.295455, 
							"rotation": [ 0.035971,  0.030086, -0.694027,  0.718420], 
							"translation": [-1.406110,  55.260361, -32.775810]
						}, 
						{
							"keytime":  0.303031, 
							"rotation": [ 0.036928,  0.030546, -0.693570,  0.718793], 
							"translation": [-1.214847,  55.303650, -32.739491]
						}, 
						{
							"keytime":  0.310606, 
							"rotation": [ 0.037802,  0.030929, -0.693124,  0.719162], 
							"translation": [-1.045885,  55.338261, -32.710098]
						}, 
						{
							"keytime":  0.318182, 
							"rotation": [ 0.038605,  0.031242, -0.692676,  0.719537], 
							"translation": [-0.897326,  55.364262, -32.687469]
						}, 
						{
							"keytime":  0.325758, 
							"rotation": [ 0.039280,  0.031466, -0.692254,  0.719897], 
							"translation": [-0.780014,  55.379566, -32.673294]
						}, 
						{
							"keytime":  0.333334, 
							"rotation": [ 0.039844,  0.031613, -0.691845,  0.720252], 
							"translation": [-0.691280,  55.384548, -32.667171]
						}, 
						{
							"keytime":  0.340909, 
							"rotation": [ 0.040298,  0.031682, -0.691440,  0.720613], 
							"translation": [-0.631946,  55.378292, -32.669689]
						}, 
						{
							"keytime":  0.348485, 
							"rotation": [ 0.040608,  0.031669, -0.691061,  0.720959], 
							"translation": [-0.607608,  55.360626, -32.681057]
						}, 
						{
							"keytime":  0.356061, 
							"rotation": [ 0.040779,  0.031571, -0.690699,  0.721302], 
							"translation": [-0.617771,  55.330589, -32.701523]
						}, 
						{
							"keytime":  0.363637, 
							"rotation": [ 0.040769,  0.031138, -0.690318,  0.721685], 
							"translation": [-0.647446,  55.268684, -32.729202]
						}, 
						{
							"keytime":  0.371212, 
							"rotation": [ 0.040574,  0.030305, -0.689933,  0.722099], 
							"translation": [-0.686182,  55.172779, -32.760822]
						}, 
						{
							"keytime":  0.378788, 
							"rotation": [ 0.040210,  0.029104, -0.689538,  0.722547], 
							"translation": [-0.734323,  55.044857, -32.796974]
						}, 
						{
							"keytime":  0.386364, 
							"rotation": [ 0.039674,  0.027516, -0.689122,  0.723035], 
							"translation": [-0.793448,  54.883064, -32.838799]
						}, 
						{
							"keytime":  0.393940, 
							"rotation": [ 0.039011,  0.025673, -0.688715,  0.723527], 
							"translation": [-0.859778,  54.700253, -32.883667]
						}, 
						{
							"keytime":  0.401516, 
							"rotation": [ 0.038224,  0.023567, -0.688306,  0.724029], 
							"translation": [-0.934618,  54.495403, -32.932590]
						}, 
						{
							"keytime":  0.409091, 
							"rotation": [ 0.037296,  0.021161, -0.687888,  0.724549], 
							"translation": [-1.020315,  54.264786, -32.987083]
						}, 
						{
							"keytime":  0.416667, 
							"rotation": [ 0.036297,  0.018634, -0.687489,  0.725048], 
							"translation": [-1.111526,  54.025314, -33.043762]
						}, 
						{
							"keytime":  0.424243, 
							"rotation": [ 0.035216,  0.015953, -0.687099,  0.725534], 
							"translation": [-1.210351,  53.773781, -33.104031]
						}, 
						{
							"keytime":  0.431819, 
							"rotation": [ 0.034032,  0.013068, -0.686713,  0.726014], 
							"translation": [-1.319824,  53.505501, -33.169708]
						}, 
						{
							"keytime":  0.439394, 
							"rotation": [ 0.032827,  0.010185, -0.686357,  0.726453], 
							"translation": [-1.433201,  53.239609, -33.236774]
						}, 
						{
							"keytime":  0.446970, 
							"rotation": [ 0.031584,  0.007256, -0.686023,  0.726858], 
							"translation": [-1.553298,  52.971615, -33.306961]
						}, 
						{
							"keytime":  0.454546, 
							"rotation": [ 0.030278,  0.004229, -0.685709,  0.727234], 
							"translation": [-1.683751,  52.696827, -33.382362]
						}, 
						{
							"keytime":  0.462122, 
							"rotation": [ 0.029000,  0.001318, -0.685438,  0.727552], 
							"translation": [-1.816581,  52.434738, -33.458389]
						}, 
						{
							"keytime":  0.469697, 
							"rotation": [ 0.027726, -0.001530, -0.685206,  0.727820], 
							"translation": [-1.955238,  52.180542, -33.537048]
						}, 
						{
							"keytime":  0.477273, 
							"rotation": [ 0.026433, -0.004360, -0.685014,  0.728037], 
							"translation": [-2.103873,  51.930389, -33.620701]
						}, 
						{
							"keytime":  0.484849, 
							"rotation": [ 0.025213, -0.006970, -0.684879,  0.728187], 
							"translation": [-2.253443,  51.702351, -33.704254]
						}, 
						{
							"keytime":  0.492425, 
							"rotation": [ 0.024040, -0.009409, -0.684803,  0.728271], 
							"translation": [-2.407944,  51.492176, -33.789978]
						}, 
						{
							"keytime":  0.500000, 
							"rotation": [ 0.022897, -0.011704, -0.684792,  0.728285], 
							"translation": [-2.571966,  51.297829, -33.880405]
						}, 
						{
							"keytime":  0.507576, 
							"rotation": [ 0.021866, -0.013685, -0.684854,  0.728224], 
							"translation": [-2.735563,  51.134071, -33.970051]
						}, 
						{
							"keytime":  0.515152, 
							"rotation": [ 0.020928, -0.015387, -0.684994,  0.728086], 
							"translation": [-2.903195,  50.998165, -34.061401]
						}, 
						{
							"keytime":  0.522728, 
							"rotation": [ 0.020071, -0.016810, -0.685228,  0.727857], 
							"translation": [-3.079809,  50.890766, -34.157131]
						}, 
						{
							"keytime":  0.530303, 
							"rotation": [ 0.019363, -0.017834, -0.685550,  0.727550], 
							"translation": [-3.254722,  50.821529, -34.251453]
						}, 
						{
							"keytime":  0.537879, 
							"rotation": [ 0.018788, -0.018475, -0.685970,  0.727152], 
							"translation": [-3.432767,  50.789791, -34.346996]
						}, 
						{
							"keytime":  0.545455, 
							"rotation": [ 0.018257, -0.018910, -0.686491,  0.726663], 
							"translation": [-3.619178,  50.780647, -34.446560]
						}, 
						{
							"keytime":  0.553031, 
							"rotation": [ 0.017757, -0.019207, -0.687070,  0.726120], 
							"translation": [-3.802689,  50.785870, -34.544121]
						}, 
						{
							"keytime":  0.560606, 
							"rotation": [ 0.017274, -0.019391, -0.687716,  0.725515], 
							"translation": [-3.988439,  50.804169, -34.642433]
						}, 
						{
							"keytime":  0.568182, 
							"rotation": [ 0.016794, -0.019469, -0.688447,  0.724830], 
							"translation": [-4.181852,  50.835976, -34.744354]
						}, 
						{
							"keytime":  0.575758, 
							"rotation": [ 0.016343, -0.019439, -0.689217,  0.724110], 
							"translation": [-4.371246,  50.878674, -34.843727]
						}, 
						{
							"keytime":  0.583334, 
							"rotation": [ 0.015908, -0.019314, -0.690040,  0.723338], 
							"translation": [-4.561985,  50.932331, -34.943382]
						}, 
						{
							"keytime":  0.590909, 
							"rotation": [ 0.015489, -0.019099, -0.690913,  0.722520], 
							"translation": [-4.753779,  50.996227, -35.043171]
						}, 
						{
							"keytime":  0.598485, 
							"rotation": [ 0.015070, -0.018787, -0.691860,  0.721630], 
							"translation": [-4.952168,  51.072014, -35.145943]
						}, 
						{
							"keytime":  0.606061, 
							"rotation": [ 0.014678, -0.018405, -0.692820,  0.720727], 
							"translation": [-5.145187,  51.154514, -35.245518]
						}, 
						{
							"keytime":  0.613637, 
							"rotation": [ 0.014302, -0.017951, -0.693815,  0.719787], 
							"translation": [-5.338359,  51.245110, -35.344734]
						}, 
						{
							"keytime":  0.621212, 
							"rotation": [ 0.013927, -0.017412, -0.694875,  0.718785], 
							"translation": [-5.537233,  51.346157, -35.446438]
						}, 
						{
							"keytime":  0.628788, 
							"rotation": [ 0.013576, -0.016828, -0.695930,  0.717784], 
							"translation": [-5.729812,  51.451019, -35.544487]
						}, 
						{
							"keytime":  0.636364, 
							"rotation": [ 0.013242, -0.016193, -0.697009,  0.716757], 
							"translation": [-5.921653,  51.561810, -35.641724]
						}, 
						{
							"keytime":  0.643940, 
							"rotation": [ 0.012907, -0.015482, -0.698139,  0.715678], 
							"translation": [-6.118218,  51.681431, -35.740883]
						}, 
						{
							"keytime":  0.651515, 
							"rotation": [ 0.012597, -0.014753, -0.699250,  0.714614], 
							"translation": [-6.307649,  51.802132, -35.835983]
						}, 
						{
							"keytime":  0.659091, 
							"rotation": [ 0.012297, -0.013985, -0.700371,  0.713536], 
							"translation": [-6.495440,  51.926628, -35.929794]
						}, 
						{
							"keytime":  0.666667, 
							"rotation": [ 0.012000, -0.013160, -0.701531,  0.712417], 
							"translation": [-6.686898,  52.058128, -36.024937]
						}, 
						{
							"keytime":  0.674243, 
							"rotation": [ 0.011727, -0.012338, -0.702658,  0.711324], 
							"translation": [-6.870464,  52.188179, -36.115665]
						}, 
						{
							"keytime":  0.681818, 
							"rotation": [ 0.011456, -0.011491, -0.703782,  0.710231], 
							"translation": [-7.051496,  52.319885, -36.204636]
						}, 
						{
							"keytime":  0.689394, 
							"rotation": [ 0.011200, -0.010613, -0.704931,  0.709108], 
							"translation": [-7.235056,  52.456562, -36.294292]
						}, 
						{
							"keytime":  0.696970, 
							"rotation": [ 0.010951, -0.009746, -0.706038,  0.708022], 
							"translation": [-7.410039,  52.589462, -36.379211]
						}, 
						{
							"keytime":  0.704545, 
							"rotation": [ 0.010724, -0.008874, -0.707130,  0.706947], 
							"translation": [-7.581598,  52.721874, -36.461899]
						}, 
						{
							"keytime":  0.712121, 
							"rotation": [ 0.010496, -0.007995, -0.708223,  0.705865], 
							"translation": [-7.754460,  52.857040, -36.544590]
						}, 
						{
							"keytime":  0.719697, 
							"rotation": [ 0.010277, -0.007143, -0.709268,  0.704828], 
							"translation": [-7.918152,  52.986279, -36.622280]
						}, 
						{
							"keytime":  0.727273, 
							"rotation": [ 0.010070, -0.006310, -0.710284,  0.703815], 
							"translation": [-8.077525,  53.112900, -36.697262]
						}, 
						{
							"keytime":  0.734848, 
							"rotation": [ 0.009861, -0.005469, -0.711297,  0.702801], 
							"translation": [-8.236892,  53.239849, -36.771530]
						}, 
						{
							"keytime":  0.742424, 
							"rotation": [ 0.009675, -0.004691, -0.712244,  0.701849], 
							"translation": [-8.386578,  53.358952, -36.840553]
						}, 
						{
							"keytime":  0.750000, 
							"rotation": [ 0.009496, -0.003946, -0.713152,  0.700934], 
							"translation": [-8.531048,  53.473278, -36.906395]
						}, 
						{
							"keytime":  0.757576, 
							"rotation": [ 0.009314, -0.003216, -0.714041,  0.700035], 
							"translation": [-8.674124,  53.585323, -36.970760]
						}, 
						{
							"keytime":  0.765151, 
							"rotation": [ 0.009148, -0.002557, -0.714855,  0.699208], 
							"translation": [-8.807095,  53.687771, -37.029686]
						}, 
						{
							"keytime":  0.772727, 
							"rotation": [ 0.008991, -0.001953, -0.715619,  0.698431], 
							"translation": [-8.933949,  53.783306, -37.084976]
						}, 
						{
							"keytime":  0.780303, 
							"rotation": [ 0.008835, -0.001391, -0.716347,  0.697687], 
							"translation": [-9.057940,  53.873749, -37.137955]
						}, 
						{
							"keytime":  0.787879, 
							"rotation": [ 0.008689, -0.000909, -0.716994,  0.697024], 
							"translation": [-9.171477,  53.953056, -37.185356]
						}, 
						{
							"keytime":  0.795454, 
							"rotation": [ 0.008550, -0.000499, -0.717578,  0.696425], 
							"translation": [-9.278005,  54.023300, -37.228653]
						}, 
						{
							"keytime":  0.803030, 
							"rotation": [ 0.008414, -0.000157, -0.718110,  0.695878], 
							"translation": [-9.380116,  54.085442, -37.268791]
						}, 
						{
							"keytime":  0.810606, 
							"rotation": [ 0.008284,  0.000095, -0.718555,  0.695420], 
							"translation": [-9.471503,  54.135098, -37.303246]
						}, 
						{
							"keytime":  0.818182, 
							"rotation": [ 0.008161,  0.000256, -0.718926,  0.695039], 
							"translation": [-9.554958,  54.173569, -37.333221]
						}, 
						{
							"keytime":  0.825757, 
							"rotation": [ 0.007986,  0.000394, -0.719199,  0.694758], 
							"translation": [-9.634459,  54.199436, -37.351326]
						}, 
						{
							"keytime":  0.833333, 
							"rotation": [ 0.007730,  0.000561, -0.719335,  0.694620], 
							"translation": [-9.706470,  54.210297, -37.349594]
						}, 
						{
							"keytime":  0.840909, 
							"rotation": [ 0.007404,  0.000747, -0.719352,  0.694606], 
							"translation": [-9.772190,  54.208046, -37.330013]
						}, 
						{
							"keytime":  0.848485, 
							"rotation": [ 0.007008,  0.000950, -0.719254,  0.694711], 
							"translation": [-9.832016,  54.193008, -37.292561]
						}, 
						{
							"keytime":  0.856060, 
							"rotation": [ 0.006583,  0.001145, -0.719056,  0.694920], 
							"translation": [-9.881179,  54.167027, -37.240730]
						}, 
						{
							"keytime":  0.863636, 
							"rotation": [ 0.006132,  0.001326, -0.718765,  0.695225], 
							"translation": [-9.920321,  54.130798, -37.174957]
						}, 
						{
							"keytime":  0.871212, 
							"rotation": [ 0.005656,  0.001487, -0.718376,  0.695630], 
							"translation": [-9.948860,  54.083740, -37.093975]
						}, 
						{
							"keytime":  0.878788, 
							"rotation": [ 0.005202,  0.001604, -0.717921,  0.696103], 
							"translation": [-9.963863,  54.029579, -37.003845]
						}, 
						{
							"keytime":  0.886363, 
							"rotation": [ 0.004767,  0.001674, -0.717399,  0.696645], 
							"translation": [-9.965115,  53.968018, -36.903671]
						}, 
						{
							"keytime":  0.893939, 
							"rotation": [ 0.004359,  0.001680, -0.716798,  0.697265], 
							"translation": [-9.950713,  53.897854, -36.791325]
						}, 
						{
							"keytime":  0.901515, 
							"rotation": [ 0.004011,  0.001617, -0.716163,  0.697919], 
							"translation": [-9.920252,  53.824146, -36.674713]
						}, 
						{
							"keytime":  0.909091, 
							"rotation": [ 0.003734,  0.001465, -0.715486,  0.698616], 
							"translation": [-9.872307,  53.745903, -36.551952]
						}, 
						{
							"keytime":  0.916666, 
							"rotation": [ 0.003531,  0.001213, -0.714753,  0.699367], 
							"translation": [-9.803311,  53.661530, -36.420403]
						}, 
						{
							"keytime":  0.924242, 
							"rotation": [ 0.003436,  0.000856, -0.714016,  0.700121], 
							"translation": [-9.716074,  53.576939, -36.289108]
						}, 
						{
							"keytime":  0.931818, 
							"rotation": [ 0.003454,  0.000380, -0.713262,  0.700889], 
							"translation": [-9.607621,  53.490662, -36.155567]
						}, 
						{
							"keytime":  0.939394, 
							"rotation": [ 0.003605, -0.000245, -0.712476,  0.701687], 
							"translation": [-9.472382,  53.400982, -36.016983]
						}, 
						{
							"keytime":  0.946969, 
							"rotation": [ 0.003899, -0.000998, -0.711714,  0.702458], 
							"translation": [-9.317060,  53.314148, -35.882809]
						}, 
						{
							"keytime":  0.954545, 
							"rotation": [ 0.004348, -0.001901, -0.710960,  0.703216], 
							"translation": [-9.136791,  53.228477, -35.750286]
						}, 
						{
							"keytime":  0.962121, 
							"rotation": [ 0.005001, -0.003013, -0.710201,  0.703975], 
							"translation": [-8.923658,  53.142414, -35.616825]
						}, 
						{
							"keytime":  0.969697, 
							"rotation": [ 0.005821, -0.004266, -0.709489,  0.704679], 
							"translation": [-8.688942,  53.061985, -35.491592]
						}, 
						{
							"keytime":  0.977273, 
							"rotation": [ 0.006838, -0.005699, -0.708811,  0.705343], 
							"translation": [-8.425549,  52.985577, -35.371902]
						}, 
						{
							"keytime":  0.984848, 
							"rotation": [ 0.008136, -0.007407, -0.708153,  0.705973], 
							"translation": [-8.122867,  52.912025, -35.255730]
						}, 
						{
							"keytime":  0.992424, 
							"rotation": [ 0.009592, -0.009235, -0.707564,  0.706523], 
							"translation": [-7.797447,  52.846645, -35.151230]
						}, 
						{
							"keytime":  1.000000, 
							"rotation": [ 0.011369, -0.011359, -0.707031,  0.707000], 
							"scale": [ 1.000000,  1.000000,  1.000000], 
