{
	"version": "0.7", 
	"id": "", 
	"meshes": [], 
	"materials": [], 
	"nodes": [
		{
			"id": "Bip001", 
			"skeleton": false, 
			"transform": [ 0.000000, -1.000000, -0.000000,  0.000000,  1.000000,  0.000000, -0.000001,  0.000000,  0.000001, -0.000000,  1.000000,  0.000000, -0.000000,  38.615593, -28.747948,  1.000000], 
			"children": [
				{
					"id": "Bip001 Pelvis", 
					"skeleton": false, 
					"transform": [ 0.000000,  0.000000,  1.000000,  0.000000,  1.000000,  0.000001, -0.000000,  0.000000, -0.000001,  1.000000, -0.000000,  0.000000,  0.000000,  0.000000,  0.000000,  1.000000], 
					"children": [
						{
							"id": "Bip001 Spine", 
							"skeleton": false, 
							"transform": [ 0.999924, -0.012322,  0.000001,  0.000000,  0.012322,  0.999924, -0.000004,  0.000000, -0.000001,  0.000004,  1.000000,  0.000000,  18.405064, -0.016678,  0.000026,  1.000000], 
							"children": [
								{
									"id": "Bip001 Spine1", 
									"skeleton": false, 
									"transform": [ 0.751176, -0.660102, -0.000002,  0.000000,  0.660102,  0.751176, -0.000001,  0.000000,  0.000002, -0.000001,  1.000000,  0.000000,  20.933746, -0.014950, -0.000000,  1.000000], 
									"children": [
										{
											"id": "Bip001 Neck", 
											"skeleton": false, 
											"transform": [ 0.903533, -0.428518, -0.000001,  0.000000,  0.428518,  0.903533, -0.000000,  0.000000,  0.000001, -0.000000,  1.000000,  0.000000,  27.054409, -6.547066, -0.000009,  1.000000], 
											"children": [
												{
													"id": "Bip001 Neck1", 
													"skeleton": false, 
													"transform": [ 1.000000,  0.000000, -0.000000,  0.000000,  0.000000,  1.000000,  0.000000,  0.000000,  0.000000, -0.000000,  1.000000,  0.000000,  14.550209, -0.012463, -0.000000,  1.000000], 
													"children": [
														{
															"id": "Bip001 Neck2", 
															"skeleton": false, 
															"transform": [ 1.000000,  0.000000, -0.000000,  0.000000, -0.000000,  1.000000,  0.000000,  0.000000,  0.000000, -0.000000,  1.000000,  0.000000,  15.651138, -0.009678, -0.000000,  1.000000], 
															"children": [
																{
																	"id": "Bip001 Head", 
																	"skeleton": false, 
																	"transform": [-0.277794,  0.960641,  0.000003,  0.000000, -0.960641, -0.277794, -0.000004,  0.000000, -0.000003, -0.000004,  1.000000,  0.000000,  12.160347, -0.000004,  0.000000,  1.000000], 
																	"children": [
																		{
																			"id": "Bone008", 
																			"skeleton": false, 
																			"transform": [ 0.999891,  0.014765, -0.000001,  0.000000,  0.014765, -0.999891, -0.000002,  0.000000, -0.000001,  0.000002, -1.000000,  0.000000,  11.188805,  11.687965, -0.471924,  1.000000]
																		}, 
																		{
																			"id": "Bone020", 
																			"skeleton": false, 
																			"transform": [-0.807144,  0.590354,  0.000002,  0.000000,  0.590354,  0.807144,  0.000001,  0.000000, -0.000000,  0.000002, -1.000000,  0.000000,  9.345459,  13.058228, -7.899498,  1.000000]
																		}, 
																		{
																			"id": "Bone021", 
																			"skeleton": false, 
																			"transform": [-0.807144,  0.590354,  0.000002,  0.000000,  0.590354,  0.807144,  0.000001,  0.000000, -0.000000,  0.000002, -1.000000,  0.000000,  18.984898, -10.120842,  4.878104,  1.000000]
																		}
																	]
																}
															]
														}
													]
												}, 
												{
													"id": "Bip001 L Clavicle", 
													"skeleton": false, 
													"transform": [-0.370119, -0.175178,  0.912318,  0.000000,  0.427798, -0.903874, -0.000003,  0.000000,  0.824622,  0.390287,  0.409482,  0.000000, -12.637367,  5.447937,  3.307568,  1.000000], 
													"children": [
														{
															"id": "Bip001 L UpperArm", 
															"skeleton": false, 
															"transform": [ 0.353307, -0.064583, -0.933276,  0.000000,  0.092049,  0.995173, -0.034020,  0.000000,  0.930968, -0.073888,  0.357546,  0.000000,  21.184811, -0.000002,  0.000004,  1.000000], 
															"children": [
																{
																	"id": "Bip001 L Forearm", 
																	"skeleton": false, 
																	"transform": [ 0.083652, -0.996495, -0.000000,  0.000000,  0.996495,  0.083652, -0.000000,  0.000000,  0.000000,  0.000000,  1.000000,  0.000000,  26.685911, -0.000002,  0.000000,  1.000000], 
																	"children": [
																		{
																			"id": "Bip001 L Hand", 
																			"skeleton": false, 
																			"transform": [ 0.672187, -0.739841,  0.028277,  0.000000,  0.069700,  0.025210, -0.997249,  0.000000,  0.737094,  0.672309,  0.068513,  0.000000,  24.936104, -0.000000,  0.000002,  1.000000], 
																			"children": [
																				{
																					"id": "Bip001 L Finger0", 
																					"skeleton": false, 
																					"transform": [ 0.997069,  0.076504, -0.000061,  0.000000, -0.076504,  0.997069, -0.000794,  0.000000,  0.000000,  0.000796,  1.000000,  0.000000,  8.398809,  0.000000,  0.000000,  1.000000]
																				}
																			]
																		}
																	]
																}
															]
														}
													]
												}, 
												{
													"id": "Bip001 R Clavicle", 
													"skeleton": false, 
													"transform": [-0.370119, -0.175173, -0.912319,  0.000000,  0.427798, -0.903874, -0.000002,  0.000000, -0.824621, -0.390289,  0.409480,  0.000000, -12.637371,  5.447956, -3.307555,  1.000000], 
													"children": [
														{
															"id": "Bip001 R UpperArm", 
															"skeleton": false, 
															"transform": [ 0.353306, -0.064582,  0.933276,  0.000000,  0.092049,  0.995173,  0.034019,  0.000000, -0.930968,  0.073888,  0.357546,  0.000000,  21.184809,  0.000004, -0.000004,  1.000000], 
															"children": [
																{
																	"id": "Bip001 R Forearm", 
																	"skeleton": false, 
																	"transform": [ 0.083651, -0.996495, -0.000000,  0.000000,  0.996495,  0.083651, -0.000000,  0.000000,  0.000000, -0.000000,  1.000000,  0.000000,  26.685915, -0.000002,  0.000000,  1.000000], 
																	"children": [
																		{
																			"id": "Bip001 R Hand", 
																			"skeleton": false, 
																			"transform": [ 0.672187, -0.739842, -0.028277,  0.000000,  0.069699,  0.025211,  0.997249,  0.000000, -0.737094, -0.672309,  0.068513,  0.000000,  24.936096,  0.000000, -0.000002,  1.000000], 
																			"children": [
																				{
																					"id": "Bip001 R Finger0", 
																					"skeleton": false, 
																					"transform": [ 0.997069,  0.076504,  0.000061,  0.000000, -0.076504,  0.997069,  0.000794,  0.000000,  0.000000, -0.000796,  1.000000,  0.000000,  8.398806,  0.000000,  0.000000,  1.000000]
																				}
																			]
																		}
																	]
																}
															]
														}
													]
												}
											]
										}
									]
								}, 
								{
									"id": "Bip001 L Thigh", 
									"skeleton": false, 
									"transform": [-0.580099,  0.810494,  0.081141,  0.000000,  0.813743,  0.581067,  0.013559,  0.000000, -0.036159,  0.073893, -0.996610,  0.000000, -18.403872, -0.210175,  22.712978,  1.000000], 
									"children": [
										{
											"id": "Bip001 L Calf", 
											"skeleton": false, 
											"transform": [ 0.607156, -0.794582,  0.000000,  0.000000,  0.794583,  0.607156, -0.000000,  0.000000, -0.000000,  0.000000,  1.000000,  0.000000,  14.998018,  0.000000, -0.000000,  1.000000], 
											"children": [
												{
													"id": "Bip001 L HorseLink", 
													"skeleton": false, 
													"transform": [-0.298434,  0.954430, -0.000000,  0.000000, -0.954430, -0.298435, -0.000000,  0.000000, -0.000000,  0.000000,  1.000000,  0.000000,  15.489445,  0.000002,  0.000002,  1.000000], 
													"children": [
														{
															"id": "Bip001 L Foot", 
															"skeleton": false, 
															"transform": [ 0.934403, -0.348174,  0.075278,  0.000000,  0.351273,  0.935711, -0.032427,  0.000000, -0.059148,  0.056743,  0.996635,  0.000000,  22.626625,  0.000004, -0.000002,  1.000000], 
															"children": [
																{
																	"id": "Bip001 L Toe0", 
																	"skeleton": false, 
																	"transform": [-0.000000,  1.000000, -0.000000,  0.000000, -1.000000, -0.000000,  0.000000,  0.000000,  0.000000,  0.000000,  1.000000,  0.000000,  4.242894,  7.186111,  0.000002,  1.000000]
																}
															]
														}
													]
												}
											]
										}
									]
								}, 
								{
									"id": "Bip001 R Thigh", 
									"skeleton": false, 
									"transform": [-0.580096,  0.810497, -0.081136,  0.000000,  0.813745,  0.581064, -0.013555,  0.000000,  0.036159, -0.073887, -0.996611,  0.000000, -18.403872, -0.210045, -22.712978,  1.000000], 
									"children": [
										{
											"id": "Bip001 R Calf", 
											"skeleton": false, 
											"transform": [ 0.607150, -0.794587,  0.000000,  0.000000,  0.794587,  0.607150,  0.000000,  0.000000,  0.000000, -0.000000,  1.000000,  0.000000,  14.998022, -0.000004,  0.000002,  1.000000], 
											"children": [
												{
													"id": "Bip001 R HorseLink", 
													"skeleton": false, 
													"transform": [-0.298435,  0.954430, -0.000000,  0.000000, -0.954430, -0.298435,  0.000000,  0.000000, -0.000000,  0.000000,  1.000000,  0.000000,  15.489437,  0.000000, -0.000000,  1.000000], 
													"children": [
														{
															"id": "Bip001 R Foot", 
															"skeleton": false, 
															"transform": [ 0.934404, -0.348170, -0.075278,  0.000000,  0.351270,  0.935713,  0.032427,  0.000000,  0.059148, -0.056743,  0.996635,  0.000000,  22.626623,  0.000000,  0.000000,  1.000000], 
															"children": [
																{
																	"id": "Bip001 R Toe0", 
																	"skeleton": false, 
																	"transform": [ 0.000000,  1.000000,  0.000000,  0.000000, -1.000000,  0.000000,  0.000000,  0.000000,  0.000000, -0.000000,  1.000000,  0.000000,  4.242894,  7.186115, -0.000002,  1.000000]
																}
															]
														}
													]
												}
											]
										}
									]
								}, 
								{
									"id": "Bone009", 
									"skeleton": false, 
									"transform": [-0.267852, -0.863935, -0.426464,  0.000000, -0.621709, -0.183161,  0.761531,  0.000000, -0.736025,  0.469115, -0.488056,  0.000000,  27.553902, -10.950539, -9.719005,  1.000000], 
									"children": [
										{
											"id": "Bone010", 
											"skeleton": false, 
											"transform": [ 0.995792,  0.079431, -0.045714,  0.000000, -0.078924,  0.996798,  0.012801,  0.000000,  0.046584, -0.009140,  0.998873,  0.000000,  13.182175,  0.000006,  0.000002,  1.000000], 
											"children": [
												{
													"id": "Bone011", 
													"skeleton": false, 
													"transform": [ 0.995737,  0.069998, -0.060068,  0.000000, -0.060633,  0.987482,  0.145612,  0.000000,  0.069508, -0.141349,  0.987517,  0.000000,  12.214520,  0.000000,  0.000004,  1.000000], 
													"children": [
														{
															"id": "Bone012", 
															"skeleton": false, 
															"transform": [ 0.975221, -0.220102, -0.022372,  0.000000,  0.185417,  0.868303, -0.460078,  0.000000,  0.120689,  0.444529,  0.887597,  0.000000,  9.329399, -0.000010,  0.000017,  1.000000], 
															"children": [
																{
																	"id": "Bone013", 
																	"skeleton": false, 
																	"transform": [-0.068894,  0.145161,  0.987007,  0.000000, -0.761796, -0.646460,  0.041902,  0.000000,  0.644143, -0.749011,  0.155120,  0.000000,  33.403603, -0.462242, -0.974588,  1.000000], 
																	"children": [
																		{
																			"id": "Bone014", 
																			"skeleton": false, 
																			"transform": [ 0.961004,  0.212002, -0.177560,  0.000000, -0.215689,  0.976461, -0.001496,  0.000000,  0.173063,  0.039736,  0.984109,  0.000000,  26.648251,  0.000092,  0.000000,  1.000000], 
																			"children": [
																				{
																					"id": "Bone015", 
																					"skeleton": false, 
																					"transform": [ 0.996705,  0.032113, -0.074484,  0.000000, -0.031882,  0.999482,  0.004279,  0.000000,  0.074583, -0.001890,  0.997213,  0.000000,  19.002121,  0.000000, -0.000015,  1.000000], 
																					"children": [
																						{
																							"id": "Bone016", 
																							"skeleton": false, 
																							"transform": [ 0.967476,  0.211247, -0.139156,  0.000000, -0.210128,  0.977407,  0.022855,  0.000000,  0.140840,  0.007129,  0.990007,  0.000000,  19.111547, -0.000031, -0.000008,  1.000000], 
																							"children": [
																								{
																									"id": "Bone017", 
																									"skeleton": false, 
																									"transform": [ 0.973578,  0.178496, -0.142425,  0.000000, -0.179309,  0.983767,  0.007210,  0.000000,  0.141400,  0.018518,  0.989779,  0.000000,  35.373390,  0.000000, -0.000069,  1.000000]
																								}
																							]
																						}
																					]
																				}
																			]
																		}
																	]
																}, 
																{
																	"id": "Bone019", 
																	"skeleton": false, 
																	"transform": [-0.610609,  0.057322,  0.789855,  0.000000,  0.786931, -0.067999,  0.613284,  0.000000,  0.088864,  0.996037, -0.003587,  0.000000,  30.182144, -0.998241,  3.582756,  1.000000]
																}
															]
														}
													]
												}
											]
										}
									]
								}, 
								{
									"id": "Bone009(mirrored)", 
									"skeleton": false, 
									"transform": [-0.269566, -0.752396,  0.601027,  0.000000,  0.513857,  0.415459,  0.750562,  0.000000, -0.814423,  0.511168,  0.274631,  0.000000,  29.293552, -10.102127,  7.745099,  1.000000], 
									"children": [
										{
											"id": "Bone010(mirrored)", 
											"skeleton": false, 
											"transform": [ 0.955244, -0.285702, -0.076707,  0.000000,  0.270729,  0.948829, -0.162572,  0.000000,  0.119229,  0.134529,  0.983710,  0.000000,  13.182175,  0.000000, -0.000008,  1.000000], 
											"children": [
												{
													"id": "Bone011(mirrored)", 
													"skeleton": false, 
													"transform": [ 0.985123,  0.039860, -0.167163,  0.000000, -0.082833,  0.962410, -0.258660,  0.000000,  0.150569,  0.268659,  0.951395,  0.000000,  12.214512, -0.000004,  0.000011,  1.000000], 
													"children": [
														{
															"id": "Bone012(mirrored)", 
															"skeleton": false, 
															"transform": [ 0.899345,  0.404874, -0.165091,  0.000000, -0.358550,  0.898995,  0.251494,  0.000000,  0.250239, -0.166987,  0.953675,  0.000000,  9.329399,  0.000002,  0.000023,  1.000000], 
															"children": [
																{
																	"id": "Bone019(mirrored)", 
																	"skeleton": false, 
																	"transform": [-0.729472, -0.220460,  0.647509,  0.000000, -0.683549,  0.269730, -0.678238,  0.000000, -0.025129, -0.937360, -0.347456,  0.000000,  30.182152,  0.998236,  3.582756,  1.000000]
																}, 
																{
																	"id": "Bone013(mirrored)", 
																	"skeleton": false, 
																	"transform": [-0.079315, -0.249938,  0.965008,  0.000000,  0.833186, -0.548090, -0.073476,  0.000000,  0.547275,  0.798204,  0.251716,  0.000000,  33.403603,  0.462229, -0.974586,  1.000000], 
																	"children": [
																		{
																			"id": "Bone014(mirrored)", 
																			"skeleton": false, 
																			"transform": [ 0.971792, -0.155725, -0.177113,  0.000000,  0.177739,  0.977215,  0.116017,  0.000000,  0.155010, -0.144224,  0.977328,  0.000000,  26.648258, -0.000092,  0.000031,  1.000000], 
																			"children": [
																				{
																					"id": "Bone015(mirrored)", 
																					"skeleton": false, 
																					"transform": [ 0.996980,  0.023418, -0.074052,  0.000000, -0.016617,  0.995697,  0.091162,  0.000000,  0.075868, -0.089657,  0.993079,  0.000000,  19.002115,  0.000015,  0.000004,  1.000000], 
																					"children": [
																						{
																							"id": "Bone016(mirrored)", 
																							"skeleton": false, 
																							"transform": [ 0.941525, -0.314146, -0.121833,  0.000000,  0.320021,  0.946884,  0.031581,  0.000000,  0.105441, -0.068724,  0.992048,  0.000000,  19.111546,  0.000031, -0.000019,  1.000000], 
																							"children": [
																								{
																									"id": "Bone017(mirrored)", 
																									"skeleton": false, 
																									"transform": [ 0.955304, -0.268502, -0.123701,  0.000000,  0.273921,  0.961322,  0.028782,  0.000000,  0.111188, -0.061379,  0.991902,  0.000000,  35.373371,  0.000008, -0.000067,  1.000000]
																								}
																							]
																						}
																					]
																				}
																			]
																		}
																	]
																}
															]
														}
													]
												}
											]
										}
									]
								}
							]
						}
					]
				}, 
				{
					"id": "Bone001", 
					"skeleton": false, 
					"transform": [ 0.343186,  0.380789, -0.858617,  0.000000,  0.928574, -0.000002,  0.371147,  0.000000,  0.141327, -0.924662, -0.353591,  0.000000, -0.862537, -0.472014, -14.990084,  1.000000], 
					"children": [
						{
							"id": "Bone002", 
							"skeleton": false, 
							"transform": [ 0.998850,  0.002117,  0.047889,  0.000000, -0.002045,  0.999997, -0.001564,  0.000000, -0.047892,  0.001464,  0.998851,  0.000000,  19.536118,  0.000008, -0.000001,  1.000000], 
							"children": [
								{
									"id": "Bone003", 
									"skeleton": false, 
									"transform": [ 0.986161, -0.067905,  0.151247,  0.000000,  0.070060,  0.997503, -0.008953,  0.000000, -0.150261,  0.019425,  0.988455,  0.000000,  19.962719, -0.000008,  0.000003,  1.000000], 
									"children": [
										{
											"id": "Bone004", 
											"skeleton": false, 
											"transform": [ 0.959550, -0.034283,  0.279443,  0.000000,  0.040201,  0.999072, -0.015473,  0.000000, -0.278653,  0.026080,  0.960038,  0.000000,  21.277252,  0.000000,  0.000006,  1.000000], 
											"children": [
												{
													"id": "Bone005", 
													"skeleton": false, 
													"transform": [ 0.913960,  0.071471,  0.399461,  0.000000, -0.072078,  0.997307, -0.013524,  0.000000, -0.399352, -0.016432,  0.916650,  0.000000,  21.567802,  0.000004,  0.000008,  1.000000], 
													"children": [
														{
															"id": "Bone006", 
															"skeleton": false, 
															"transform": [ 0.931914, -0.019518,  0.362155,  0.000000,  0.024837,  0.999641, -0.010037,  0.000000, -0.361829,  0.018348,  0.932064,  0.000000,  16.923988, -0.000088,  0.000008,  1.000000], 
															"children": [
																{
																	"id": "Bone007", 
																	"skeleton": false, 
																	"transform": [ 1.000000,  0.000000,  0.000000,  0.000000, -0.000000,  1.000000, -0.000000,  0.000000, -0.000000,  0.000000,  1.000000,  0.000000,  16.936516,  0.000000,  0.000008,  1.000000]
																}
															]
														}
													]
												}
											]
										}
									]
								}
							]
						}
					]
				}
			]
		}
	], 
	"animations": [
		{
			"id": "Take 001", 
			"length":  3.333000, 
			"bones": [
				{
					"boneId": "Bip001", 
					"keyframes": [
						{
							"keytime":  0.000000, 
							"rotation": [-0.000000,  0.000000, -0.707107,  0.707107], 
							"scale": [ 1.000000,  1.000000,  1.000000], 
							"translation": [-0.000000,  38.615593, -28.747948]
						}, 
						{
							"keytime":  0.010001, 
							"rotation": [-0.001824, -0.001961, -0.706305,  0.707903], 
							"translation": [-0.000000,  38.677780, -29.048080]
						}, 
						{
							"keytime":  0.020002, 
							"rotation": [-0.003620, -0.003935, -0.705433,  0.708757], 
							"translation": [-0.000000,  38.747082, -29.373173]
						}, 
						{
							"keytime":  0.030003, 
							"rotation": [-0.005461, -0.005960, -0.704470,  0.709688], 
							"translation": [-0.000000,  38.824902, -29.726383]
						}, 
						{
							"keytime":  0.040004, 
							"rotation": [-0.007241, -0.007925, -0.703500,  0.710614], 
							"translation": [-0.000000,  38.905693, -30.079422]
						}, 
						{
							"keytime":  0.050005, 
							"rotation": [-0.009019, -0.009890, -0.702517,  0.711541], 
							"translation": [-0.000000,  38.990673, -30.435026]
						}, 
						{
							"keytime":  0.060006, 
							"rotation": [-0.010799, -0.011855, -0.701541,  0.712448], 
							"translation": [-0.000000,  39.078907, -30.785805]
						}, 
						{
							"keytime":  0.070007, 
							"rotation": [-0.012646, -0.013878, -0.700567,  0.713339], 
							"translation": [-0.000000,  39.172195, -31.134312]
						}, 
						{
							"keytime":  0.080008, 
							"rotation": [-0.014451, -0.015846, -0.699674,  0.714140], 
							"translation": [-0.000000,  39.264072, -31.452539]
						}, 
						{
							"keytime":  0.090009, 
							"rotation": [-0.016332, -0.017873, -0.698830,  0.714877], 
							"translation": [-0.000000,  39.359081, -31.751823]
						}, 
						{
							"keytime":  0.100010, 
							"rotation": [-0.018183, -0.019845, -0.698109,  0.715486], 
							"translation": [-0.000000,  39.450653, -32.007038]
						}, 
						{
							"keytime":  0.110011, 
							"rotation": [-0.020065, -0.021820, -0.697504,  0.715967], 
							"translation": [-0.000000,  39.540615, -32.220013]
						}, 
						{
							"keytime":  0.120012, 
							"rotation": [-0.022042, -0.023859, -0.697028,  0.716308], 
							"translation": [-0.000000,  39.630611, -32.387417]
						}, 
						{
							"keytime":  0.130013, 
							"rotation": [-0.024003, -0.025840, -0.696728,  0.716467], 
							"translation": [-0.000000,  39.714378, -32.491901]
						}, 
						{
							"keytime":  0.140014, 
							"rotation": [-0.026175, -0.027986, -0.696617,  0.716420], 
							"translation": [-0.000000,  39.793629, -32.529839]
						}, 
						{
							"keytime":  0.150015, 
							"rotation": [-0.028741, -0.030475, -0.696689,  0.716149], 
							"translation": [-0.000000,  39.869553, -32.501045]
						}, 
						{
							"keytime":  0.160016, 
							"rotation": [-0.031456, -0.033073, -0.696914,  0.715701], 
							"translation": [-0.000000,  39.936707, -32.416206]
						}, 
						{
							"keytime":  0.170017, 
							"rotation": [-0.034295, -0.035762, -0.697263,  0.715101], 
							"translation": [-0.000000,  39.996445, -32.284340]
						}, 
						{
							"keytime":  0.180018, 
							"rotation": [-0.037249, -0.038535, -0.697728,  0.714356], 
							"translation": [-0.000000,  40.049229, -32.108704]
						}, 
						{
							"keytime":  0.190019, 
							"rotation": [-0.040048, -0.041142, -0.698255,  0.713543], 
							"translation": [-0.000000,  40.090977, -31.908649]
						}, 
						{
							"keytime":  0.200020, 
							"rotation": [-0.042684, -0.043576, -0.698835,  0.712678], 
							"translation": [-0.000000,  40.122406, -31.688477]
						}, 
						{
							"keytime":  0.210021, 
							"rotation": [-0.045063, -0.045751, -0.699446,  0.711795], 
							"translation": [-0.000000,  40.142551, -31.457054]
						}, 
						{
							"keytime":  0.220022, 
							"rotation": [-0.047142, -0.047629, -0.700088,  0.710905], 
							"translation": [-0.000000,  40.150509, -31.216276]
						}, 
						{
							"keytime":  0.230023, 
							"rotation": [-0.048706, -0.049011, -0.700702,  0.710100], 
							"translation": [-0.000000,  40.144833, -30.989326]
						}, 
						{
							"keytime":  0.240024, 
							"rotation": [-0.049726, -0.049871, -0.701289,  0.709390], 
							"translation": [-0.000000,  40.124962, -30.778042]
						}, 
						{
							"keytime":  0.250025, 
							"rotation": [-0.050105, -0.050119, -0.701843,  0.708798], 
							"translation": [-0.000000,  40.088814, -30.586288]
						}, 
						{
							"keytime":  0.260026, 
							"rotation": [-0.049819, -0.049725, -0.702388,  0.708305], 
							"translation": [-0.000000,  40.004425, -30.406773]
						}, 
						{
							"keytime":  0.270027, 
							"rotation": [-0.048996, -0.048797, -0.703002,  0.707818], 
							"translation": [-0.000000,  39.845978, -30.211361]
						}, 
						{
							"keytime":  0.280028, 
							"rotation": [-0.047661, -0.047355, -0.703689,  0.707325], 
							"translation": [-0.000000,  39.618973, -29.997715]
						}, 
						{
							"keytime":  0.290029, 
							"rotation": [-0.045961, -0.045556, -0.704389,  0.706858], 
							"translation": [-0.000000,  39.350086, -29.782669]
						}, 
						{
							"keytime":  0.300030, 
							"rotation": [-0.043933, -0.043436, -0.705104,  0.706407], 
							"translation": [-0.000000,  39.046692, -29.564341]
						}, 
						{
							"keytime":  0.310031, 
							"rotation": [-0.041574, -0.040989, -0.705838,  0.705963], 
							"translation": [-0.000000,  38.711910, -29.340412]
						}, 
						{
							"keytime":  0.320032, 
							"rotation": [-0.039094, -0.038431, -0.706530,  0.705556], 
							"translation": [-0.000000,  38.378788, -29.128342]
						}, 
						{
							"keytime":  0.330033, 
							"rotation": [-0.036497, -0.035763, -0.707186,  0.705179], 
							"translation": [-0.000000,  38.050903, -28.925730]
						}, 
						{
							"keytime":  0.340034, 
							"rotation": [-0.033770, -0.032976, -0.707807,  0.704827], 
							"translation": [-0.000000,  37.732468, -28.731342]
						}, 
						{
							"keytime":  0.350035, 
							"rotation": [-0.031146, -0.030304, -0.708344,  0.704529], 
							"translation": [-0.000000,  37.455555, -28.560877]
						}, 
						{
							"keytime":  0.360036, 
							"rotation": [-0.028540, -0.027661, -0.708813,  0.704275], 
							"translation": [-0.000000,  37.217514, -28.408543]
						}, 
						{
							"keytime":  0.370037, 
							"rotation": [-0.026177, -0.025274, -0.709176,  0.704091], 
							"translation": [-0.000000,  37.045658, -28.287573]
						}, 
						{
							"keytime":  0.380038, 
							"rotation": [-0.024049, -0.023138, -0.709436,  0.703979], 
							"translation": [-0.000000,  36.945522, -28.197443]
						}, 
						{
							"keytime":  0.390039, 
							"rotation": [-0.021849, -0.020946, -0.709610,  0.703944], 
							"translation": [-0.000000,  36.921173, -28.131899]
						}, 
						{
							"keytime":  0.400040, 
							"rotation": [-0.019467, -0.018594, -0.709707,  0.703982], 
							"translation": [-0.000000,  36.961975, -28.087370]
						}, 
						{
							"keytime":  0.410041, 
							"rotation": [-0.016923, -0.016092, -0.709733,  0.704084], 
							"translation": [-0.000000,  37.055882, -28.061829]
						}, 
						{
							"keytime":  0.420042, 
							"rotation": [-0.014217, -0.013444, -0.709685,  0.704247], 
							"translation": [-0.000000,  37.197330, -28.055653]
						}, 
						{
							"keytime":  0.430043, 
							"rotation": [-0.011590, -0.010887, -0.709568,  0.704457], 
							"translation": [-0.000000,  37.367638, -28.069458]
						}, 
						{
							"keytime":  0.440044, 
							"rotation": [-0.009044, -0.008422, -0.709385,  0.704713], 
							"translation": [-0.000000,  37.560101, -28.103043]
						}, 
						{
							"keytime":  0.450045, 
							"rotation": [-0.006593, -0.006062, -0.709130,  0.705021], 
							"translation": [-0.000000,  37.770760, -28.158598]
						}, 
						{
							"keytime":  0.460046, 
							"rotation": [-0.004461, -0.004026, -0.708824,  0.705360], 
							"translation": [-0.000000,  37.976830, -28.233122]
						}, 
						{
							"keytime":  0.470047, 
							"rotation": [-0.002653, -0.002326, -0.708464,  0.705738], 
							"translation": [-0.000000,  38.174133, -28.328205]
						}, 
						{
							"keytime":  0.480048, 
							"rotation": [-0.001216, -0.001005, -0.708047,  0.706164], 
							"translation": [-0.000000,  38.357414, -28.447943]
						}, 
						{
							"keytime":  0.490049, 
							"rotation": [-0.000321, -0.000214, -0.707601,  0.706612], 
							"translation": [-0.000000,  38.505516, -28.585558]
						}, 
						{
							"keytime":  0.500050, 
							"rotation": [-0.000007, -0.000004, -0.707117,  0.707096], 
							"translation": [-0.000000,  38.613636, -28.744308]
						}, 
						{
							"keytime":  0.510051, 
							"rotation": [-0.000256, -0.000395, -0.706520,  0.707693], 
							"translation": [-0.000000,  38.702473, -28.952240]
						}, 
						{
							"keytime":  0.520052, 
							"rotation": [-0.001000, -0.001274, -0.705797,  0.708412], 
							"translation": [-0.000000,  38.791756, -29.210716]
						}, 
						{
							"keytime":  0.530053, 
							"rotation": [-0.002153, -0.002595, -0.704961,  0.709238], 
							"translation": [-0.000000,  38.883583, -29.513680]
						}, 
						{
							"keytime":  0.540054, 
							"rotation": [-0.003719, -0.004340, -0.704011,  0.710166], 
							"translation": [-0.000000,  38.980095, -29.860264]
						}, 
						{
							"keytime":  0.550055, 
							"rotation": [-0.005538, -0.006348, -0.703031,  0.711109], 
							"translation": [-0.000000,  39.074879, -30.218502]
						}, 
						{
							"keytime":  0.560056, 
							"rotation": [-0.007596, -0.008598, -0.702024,  0.712061], 
							"translation": [-0.000000,  39.170036, -30.586697]
						}, 
						{
							"keytime":  0.570057, 
							"rotation": [-0.009910, -0.011096, -0.700988,  0.713018], 
							"translation": [-0.000000,  39.267708, -30.964384]
						}, 
						{
							"keytime":  0.580058, 
							"rotation": [-0.012278, -0.013635, -0.700015,  0.713893], 
							"translation": [-0.000000,  39.361423, -31.317753]
						}, 
						{
							"keytime":  0.590059, 
							"rotation": [-0.014709, -0.016221, -0.699104,  0.714685], 
							"translation": [-0.000000,  39.453339, -31.646553]
						}, 
						{
							"keytime":  0.600060, 
							"rotation": [-0.017218, -0.018865, -0.698265,  0.715383], 
							"translation": [-0.000000,  39.545406, -31.947527]
						}, 
						{
							"keytime":  0.610061, 
							"rotation": [-0.019599, -0.021347, -0.697581,  0.715920], 
							"translation": [-0.000000,  39.631477, -32.191391]
						}, 
						{
							"keytime":  0.620062, 
							"rotation": [-0.021867, -0.023680, -0.697059,  0.716289], 
							"translation": [-0.000000,  39.713581, -32.376160]
						}, 
						{
							"keytime":  0.630063, 
							"rotation": [-0.024024, -0.025861, -0.696726,  0.716468], 
							"translation": [-0.000000,  39.793274, -32.492622]
						}, 
						{
							"keytime":  0.640064, 
							"rotation": [-0.026198, -0.028009, -0.696616,  0.716418], 
							"translation": [-0.000000,  39.865128, -32.529888]
						}, 
						{
							"keytime":  0.650065, 
							"rotation": [-0.028689, -0.030424, -0.696686,  0.716156], 
							"translation": [-0.000000,  39.930859, -32.502186]
						}, 
						{
							"keytime":  0.660066, 
							"rotation": [-0.031484, -0.033099, -0.696916,  0.715696], 
							"translation": [-0.000000,  39.991398, -32.415108]
						}, 
						{
							"keytime":  0.670067, 
							"rotation": [-0.034324, -0.035789, -0.697267,  0.715094], 
							"translation": [-0.000000,  40.042473, -32.282814]
						}, 
						{
							"keytime":  0.680068, 
							"rotation": [-0.037192, -0.038482, -0.697718,  0.714371], 
							"translation": [-0.000000,  40.085243, -32.112446]
						}, 
						{
							"keytime":  0.690069, 
							"rotation": [-0.040076, -0.041167, -0.698260,  0.713535], 
							"translation": [-0.000000,  40.119869, -31.906527]
						}, 
						{
							"keytime":  0.700070, 
							"rotation": [-0.042710, -0.043599, -0.698841,  0.712669], 
							"translation": [-0.000000,  40.143593, -31.686193]
						}, 
						{
							"keytime":  0.710071, 
							"rotation": [-0.045085, -0.045771, -0.699452,  0.711786], 
							"translation": [-0.000000,  40.156834, -31.454702]
						}, 
						{
							"keytime":  0.720072, 
							"rotation": [-0.047161, -0.047644, -0.700094,  0.710897], 
							"translation": [-0.000000,  40.158779, -31.213947]
						}, 
						{
							"keytime":  0.730073, 
							"rotation": [-0.048719, -0.049022, -0.700708,  0.710092], 
							"translation": [-0.000000,  40.148567, -30.987114]
						}, 
						{
							"keytime":  0.740074, 
							"rotation": [-0.049732, -0.049877, -0.701295,  0.709383], 
							"translation": [-0.000000,  40.125721, -30.776033]
						}, 
						{
							"keytime":  0.750075, 
							"rotation": [-0.050106, -0.050118, -0.701848,  0.708792], 
							"translation": [-0.000000,  40.088207, -30.584444]
						}, 
						{
							"keytime":  0.760076, 
							"rotation": [-0.049814, -0.049718, -0.702394,  0.708300], 
							"translation": [-0.000000,  40.003201, -30.404884]
						}, 
						{
							"keytime":  0.770077, 
							"rotation": [-0.048986, -0.048785, -0.703009,  0.707813], 
							"translation": [-0.000000,  39.844063, -30.209326]
						}, 
						{
							"keytime":  0.780078, 
							"rotation": [-0.047691, -0.047387, -0.703675,  0.707334], 
							"translation": [-0.000000,  39.623917, -30.001984]
						}, 
						{
							"keytime":  0.790079, 
							"rotation": [-0.045942, -0.045537, -0.704396,  0.706854], 
							"translation": [-0.000000,  39.347191, -29.780479]
						}, 
						{
							"keytime":  0.800080, 
							"rotation": [-0.043911, -0.043413, -0.705111,  0.706403], 
							"translation": [-0.000000,  39.043510, -29.562138]
						}, 
						{
							"keytime":  0.810081, 
							"rotation": [-0.041622, -0.041039, -0.705824,  0.705972], 
							"translation": [-0.000000,  38.718559, -29.344753]
						}, 
						{
							"keytime":  0.820082, 
							"rotation": [-0.039069, -0.038405, -0.706537,  0.705552], 
							"translation": [-0.000000,  38.375450, -29.126249]
						}, 
						{
							"keytime":  0.830083, 
							"rotation": [-0.036470, -0.035737, -0.707192,  0.705175], 
							"translation": [-0.000000,  38.047680, -28.923754]
						}, 
						{
							"keytime":  0.840084, 
							"rotation": [-0.033824, -0.033030, -0.707796,  0.704833], 
							"translation": [-0.000000,  37.738388, -28.734972]
						}, 
						{
							"keytime":  0.850085, 
							"rotation": [-0.031121, -0.030277, -0.708349,  0.704526], 
							"translation": [-0.000000,  37.452988, -28.559267]
						}, 
						{
							"keytime":  0.860086, 
							"rotation": [-0.028590, -0.027711, -0.708805,  0.704280], 
							"translation": [-0.000000,  37.221588, -28.411261]
						}, 
						{
							"keytime":  0.870087, 
							"rotation": [-0.026221, -0.025320, -0.709170,  0.704094], 
							"translation": [-0.000000,  37.048428, -28.289713]
						}, 
						{
							"keytime":  0.880088, 
							"rotation": [-0.024026, -0.023116, -0.709439,  0.703978], 
							"translation": [-0.000000,  36.944912, -28.196619]
						}, 
						{
							"keytime":  0.890089, 
							"rotation": [-0.022041, -0.021142, -0.709583,  0.703960], 
							"translation": [-0.000000,  36.917000, -28.142262]
						}, 
						{
							"keytime":  0.900090, 
							"rotation": [-0.020059, -0.019193, -0.709617,  0.704041], 
							"translation": [-0.000000,  36.945934, -28.122129]
						}, 
						{
							"keytime":  0.910091, 
							"rotation": [-0.018018, -0.017204, -0.709551,  0.704213], 
							"translation": [-0.000000,  37.026665, -28.132082]
						}, 
						{
							"keytime":  0.920092, 
							"rotation": [-0.016036, -0.015292, -0.709406,  0.704451], 
							"translation": [-0.000000,  37.146301, -28.166630]
						}, 
						{
							"keytime":  0.930093, 
							"rotation": [-0.014056, -0.013393, -0.709196,  0.704744], 
							"translation": [-0.000000,  37.298473, -28.220789]
						}, 
						{
							"keytime":  0.940094, 
							"rotation": [-0.012017, -0.011445, -0.708926,  0.705088], 
							"translation": [-0.000000,  37.480789, -28.291973]
						}, 
						{
							"keytime":  0.950095, 
							"rotation": [-0.010037, -0.009564, -0.708628,  0.705446], 
							"translation": [-0.000000,  37.674370, -28.371094]
						}, 
						{
							"keytime":  0.960096, 
							"rotation": [-0.008058, -0.007684, -0.708309,  0.705815], 
							"translation": [-0.000000,  37.876205, -28.455187]
						}, 
						{
							"keytime":  0.970096, 
							"rotation": [-0.006021, -0.005746, -0.707974,  0.706189], 
							"translation": [-0.000000,  38.084286, -28.541912]
						}, 
						{
							"keytime":  0.980097, 
							"rotation": [-0.004037, -0.003868, -0.707659,  0.706532], 
							"translation": [-0.000000,  38.278240, -28.621246]
						}, 
						{
							"keytime":  0.990098, 
							"rotation": [-0.002061, -0.001975, -0.707368,  0.706840], 
							"translation": [-0.000000,  38.456158, -28.690933]
						}, 
						{
							"keytime":  1.000000, 
							"rotation": [-0.000021, -0.000019, -0.707109,  0.707104], 
							"scale": [ 1.000000,  1.000000,  1.000000], 
							"translation": [-0.000000,  38.614048, -28.747398]
						}
					]
				}, 
				{
					"boneId": "Bip001 Pelvis", 
					"keyframes": [
						{
							"keytime":  0.000000, 
							"rotation": [-0.500000, -0.500000, -0.500000,  0.500000], 
							"scale": [ 1.000000,  1.000000,  1.000000], 
							"translation": [ 0.000000,  0.000000,  0.000000]
						}, 
						{
							"keytime":  1.000000, 
							"rotation": [-0.500000, -0.500000, -0.500000,  0.500000], 
							"scale": [ 1.000000,  1.000000,  1.000000], 
							"translation": [ 0.000000,  0.000000,  0.000000]
						}
					]
				}, 
				{
					"boneId": "Bip001 Spine", 
					"keyframes": [
						{
							"keytime":  0.000000, 
							"rotation": [-0.000002, -0.000001, -0.006161,  0.999981], 
							"scale": [ 1.000000,  1.000000,  1.000000], 
							"translation": [ 18.405064, -0.016678,  0.000026]
						}, 
						{
							"keytime":  0.010001, 
							"rotation": [ 0.000581,  0.000307, -0.001873,  0.999998], 
							"translation": [ 18.405207, -0.016674,  0.000006]
						}, 
						{
							"keytime":  0.020002, 
							"rotation": [ 0.001161,  0.000666,  0.002814,  0.999995], 
							"translation": [ 18.405361, -0.016682, -0.000013]
						}, 
						{
							"keytime":  0.030003, 
							"rotation": [ 0.001758,  0.001073,  0.007936,  0.999966]
						}, 
						{
							"keytime":  0.040004, 
