{
	"version": "0.7", 
	"id": "", 
	"meshes": [], 
	"materials": [], 
	"nodes": [
		{
			"id": "Bip001", 
			"skeleton": false, 
			"transform": [ 0.026459, -0.980976,  0.192315,  0.000000,  0.999394,  0.021607, -0.027283,  0.000000,  0.022609,  0.192920,  0.980954,  0.000000,  2.146683,  26.655066, -1.158804,  1.000000], 
			"children": [
				{
					"id": "Bip001 Footsteps", 
					"skeleton": false, 
					"transform": [ 0.026459,  0.999394,  0.022608,  0.000000, -0.192315,  0.027283, -0.980954,  0.000000, -0.980977,  0.021607,  0.192920,  0.000000,  25.801788, -0.568307, -5.074219,  1.000000]
				}, 
				{
					"id": "Bip001 Pelvis", 
					"skeleton": false, 
					"transform": [ 0.000000,  0.134377,  0.990930,  0.000000,  1.000000,  0.000001, -0.000000,  0.000000, -0.000001,  0.990930, -0.134377,  0.000000,  0.000000,  0.000000,  0.000000,  1.000000], 
					"children": [
						{
							"id": "Bip001 Spine", 
							"skeleton": false, 
							"transform": [ 0.980144,  0.105219, -0.168070,  0.000000, -0.104684,  0.994432,  0.012070,  0.000000,  0.168404,  0.005764,  0.985701,  0.000000,  18.211426,  1.627918, -2.469580,  1.000000], 
							"children": [
								{
									"id": "Bip001 Spine1", 
									"skeleton": false, 
									"transform": [ 0.982303, -0.156571, -0.102794,  0.000000,  0.155441,  0.987663, -0.018967,  0.000000,  0.104495,  0.002653,  0.994522,  0.000000,  16.594801, -0.010504,  0.000202,  1.000000], 
									"children": [
										{
											"id": "Bip001 Neck", 
											"skeleton": false, 
											"transform": [ 0.756294,  0.645694,  0.105350,  0.000000, -0.641372,  0.763523, -0.075329,  0.000000, -0.129077, -0.010598,  0.991578,  0.000000,  13.358349, -0.003439,  0.000339,  1.000000], 
											"children": [
												{
													"id": "Bip001 L Clavicle", 
													"skeleton": false, 
													"transform": [-0.048883,  0.565289,  0.823444,  0.000000, -0.528343, -0.714276,  0.458981,  0.000000,  0.847623, -0.412624,  0.333582,  0.000000, -8.113415,  5.535934,  7.199278,  1.000000], 
													"children": [
														{
															"id": "Bip001 L UpperArm", 
															"skeleton": false, 
															"transform": [ 0.726727, -0.572677, -0.379353,  0.000000,  0.169566,  0.684712, -0.708814,  0.000000,  0.665668,  0.450789,  0.594705,  0.000000,  9.698195, -0.000002,  0.000004,  1.000000], 
															"children": [
																{
																	"id": "Bip001 L Forearm", 
																	"skeleton": false, 
																	"transform": [ 0.428573, -0.903507,  0.000000,  0.000000,  0.903507,  0.428573,  0.000000,  0.000000,  0.000000, -0.000000,  1.000000,  0.000000,  16.341640, -0.000001,  0.000002,  1.000000], 
																	"children": [
																		{
																			"id": "Bip001 L Hand", 
																			"skeleton": false, 
																			"transform": [ 0.668800, -0.637631,  0.382274,  0.000000,  0.729253,  0.662644, -0.170564,  0.000000, -0.144555,  0.392848,  0.908171,  0.000000,  12.145851,  0.000000, -0.000002,  1.000000], 
																			"children": [
																				{
																					"id": "Bip001 L Finger0", 
																					"skeleton": false, 
																					"transform": [ 0.990674, -0.136254,  0.000108,  0.000000,  0.136254,  0.990674, -0.000789,  0.000000,  0.000000,  0.000796,  1.000000,  0.000000,  6.042168,  0.000000, -0.000002,  1.000000]
																				}
																			]
																		}
																	]
																}
															]
														}, 
														{
															"id": "Bone008", 
															"skeleton": false, 
															"transform": [ 0.127447,  0.977598,  0.167512,  0.000000, -0.913043,  0.181609, -0.365199,  0.000000, -0.387440, -0.106402,  0.915734,  0.000000,  7.902236,  5.085243,  1.533680,  1.000000], 
															"children": [
																{
																	"id": "Bone009", 
																	"skeleton": false, 
																	"transform": [ 0.955168,  0.295608, -0.016471,  0.000000, -0.286420,  0.908527, -0.304209,  0.000000, -0.074962,  0.295288,  0.952463,  0.000000,  10.583237,  0.000002,  0.000008,  1.000000], 
																	"children": [
																		{
																			"id": "Bone010", 
																			"skeleton": false, 
																			"transform": [ 0.912315,  0.312508, -0.264612,  0.000000, -0.313490,  0.948763,  0.039659,  0.000000,  0.263448,  0.046772,  0.963539,  0.000000,  9.441692,  0.000000, -0.000004,  1.000000], 
																			"children": [
																				{
																					"id": "Bone011", 
																					"skeleton": false, 
																					"transform": [ 0.495316,  0.147533, -0.856093,  0.000000,  0.281521,  0.905031,  0.318848,  0.000000,  0.821832, -0.398939,  0.406743,  0.000000,  19.570042, -0.000042,  0.000000,  1.000000], 
																					"children": [
																						{
																							"id": "Bone012", 
																							"skeleton": false, 
																							"transform": [ 0.928888, -0.123868, -0.349035,  0.000000, -0.197959, -0.962550, -0.185232,  0.000000, -0.313019,  0.241154, -0.918621,  0.000000,  18.293941, -0.252275, -0.144829,  1.000000], 
																							"children": [
																								{
																									"id": "Bone013", 
																									"skeleton": false, 
																									"transform": [ 0.710742,  0.489719,  0.504996,  0.000000, -0.486268,  0.860777, -0.150354,  0.000000, -0.508320, -0.138701,  0.849925,  0.000000,  24.975971,  0.000002,  0.000008,  1.000000], 
																									"children": [
																										{
																											"id": "Bone014", 
																											"skeleton": false, 
																											"transform": [ 0.997487, -0.070849,  0.000000,  0.000000,  0.070849,  0.997487, -0.000001,  0.000000,  0.000000,  0.000001,  1.000000,  0.000000,  27.363581, -0.000006,  0.000004,  1.000000]
																										}
																									]
																								}
																							]
																						}
																					]
																				}, 
																				{
																					"id": "Bone017", 
																					"skeleton": false, 
																					"transform": [-0.280559,  0.063235, -0.957752,  0.000000, -0.676603, -0.720780,  0.150612,  0.000000, -0.680805,  0.690273,  0.245006,  0.000000,  15.341690, -2.572357, -4.454414,  1.000000], 
																					"children": [
																						{
																							"id": "Bone018", 
																							"skeleton": false, 
																							"transform": [ 1.000000, -0.000000, -0.000000,  0.000000,  0.000000,  1.000000, -0.000000,  0.000000,  0.000000,  0.000000,  1.000000,  0.000000,  42.506569, -0.000002, -0.000004,  1.000000]
																						}
																					]
																				}
																			]
																		}
																	]
																}
															]
														}
													]
												}, 
												{
													"id": "Bip001 R Clavicle", 
													"skeleton": false, 
													"transform": [-0.210861,  0.681114, -0.701157,  0.000000, -0.623844, -0.645986, -0.439910,  0.000000, -0.752567,  0.344652,  0.561122,  0.000000, -9.349615,  6.419907, -4.436339,  1.000000], 
													"children": [
														{
															"id": "Bip001 R UpperArm", 
															"skeleton": false, 
															"transform": [ 0.865507, -0.351486,  0.356868,  0.000000,  0.136637,  0.851112,  0.506892,  0.000000, -0.481900, -0.389957,  0.784669,  0.000000,  9.698198, -0.000002, -0.000002,  1.000000], 
															"children": [
																{
																	"id": "Bip001 R Forearm", 
																	"skeleton": false, 
																	"transform": [ 0.499359, -0.866395,  0.000000,  0.000000,  0.866395,  0.499359,  0.000000,  0.000000,  0.000000, -0.000000,  1.000000,  0.000000,  16.341644,  0.000002,  0.000000,  1.000000], 
																	"children": [
																		{
																			"id": "Bip001 R Hand", 
																			"skeleton": false, 
																			"transform": [ 0.500080, -0.748236, -0.435962,  0.000000,  0.860184,  0.487338,  0.150282,  0.000000,  0.100014, -0.450161,  0.887329,  0.000000,  12.145853, -0.000002,  0.000000,  1.000000], 
																			"children": [
																				{
																					"id": "Bip001 R Finger0", 
																					"skeleton": false, 
																					"transform": [ 0.968246, -0.250001, -0.000199,  0.000000,  0.250001,  0.968245,  0.000771,  0.000000,  0.000000, -0.000796,  1.000000,  0.000000,  6.042166,  0.000000,  0.000000,  1.000000]
																				}
																			]
																		}
																	]
																}
															]
														}, 
														{
															"id": "Bone008(mirrored)", 
															"skeleton": false, 
															"transform": [-0.113012,  0.991776, -0.060069,  0.000000,  0.930118,  0.084336, -0.357448,  0.000000, -0.349442, -0.096267, -0.931999,  0.000000,  8.536676,  6.045149, -1.773796,  1.000000], 
															"children": [
																{
																	"id": "Bone009(mirrored)", 
																	"skeleton": false, 
																	"transform": [ 0.914605, -0.320215, -0.246901,  0.000000,  0.307986,  0.947336, -0.087751,  0.000000,  0.261997,  0.004216,  0.965059,  0.000000,  10.583241, -0.000001, -0.000004,  1.000000], 
																	"children": [
																		{
																			"id": "Bone010(mirrored)", 
																			"skeleton": false, 
																			"transform": [ 0.974705, -0.218827,  0.045447,  0.000000,  0.206283,  0.959095,  0.193865,  0.000000, -0.086011, -0.179586,  0.979975,  0.000000,  9.441696,  0.000005,  0.000004,  1.000000], 
																			"children": [
																				{
																					"id": "Bone011(mirrored)", 
																					"skeleton": false, 
																					"transform": [ 0.142387,  0.369765, -0.918150,  0.000000, -0.396318,  0.871297,  0.289435,  0.000000,  0.907005,  0.322668,  0.270606,  0.000000,  19.570042,  0.000031,  0.000011,  1.000000], 
																					"children": [
																						{
																							"id": "Bone012(mirrored)", 
																							"skeleton": false, 
																							"transform": [ 0.742526, -0.023006, -0.669422,  0.000000, -0.404430, -0.812070, -0.420689,  0.000000, -0.533939,  0.583107, -0.612287,  0.000000,  18.293943,  0.252270, -0.144829,  1.000000], 
																							"children": [
																								{
																									"id": "Bone013(mirrored)", 
																									"skeleton": false, 
																									"transform": [ 0.850258,  0.339968,  0.401850,  0.000000,  0.090881,  0.657159, -0.748253,  0.000000, -0.518462,  0.672728,  0.527858,  0.000000,  24.975965, -0.000004,  0.000019,  1.000000], 
																									"children": [
																										{
																											"id": "Bone014(mirrored)", 
																											"skeleton": false, 
																											"transform": [ 0.952623, -0.004908,  0.304117,  0.000000,  0.002342,  0.999959,  0.008801,  0.000000, -0.304147, -0.007671,  0.952594,  0.000000,  27.363590,  0.000008, -0.000004,  1.000000]
																										}
																									]
																								}
																							]
																						}
																					]
																				}, 
																				{
																					"id": "Bone017(mirrored)", 
																					"skeleton": false, 
																					"transform": [-0.616563,  0.156881, -0.771517,  0.000000,  0.730235, -0.252346, -0.634885,  0.000000, -0.294291, -0.954835,  0.041027,  0.000000,  16.034412,  2.459429, -4.370422,  1.000000]
																				}
																			]
																		}
																	]
																}
															]
														}
													]
												}, 
												{
													"id": "Bip001 Head", 
													"skeleton": false, 
													"transform": [ 0.534406, -0.829599,  0.161787,  0.000000,  0.844401,  0.532476, -0.058787,  0.000000, -0.037378,  0.168029,  0.985073,  0.000000,  5.656919,  0.000000,  0.000000,  1.000000], 
													"children": [
														{
															"id": "Bone007", 
															"skeleton": false, 
															"transform": [ 0.852438,  0.522829,  0.000000,  0.000000,  0.522829, -0.852438, -0.000002,  0.000000, -0.000001,  0.000002, -1.000000,  0.000000,  2.421871,  6.773937, -0.108841,  1.000000]
														}, 
														{
															"id": "Bone016", 
															"skeleton": false, 
															"transform": [ 0.006504, -0.020020,  0.999779,  0.000000,  0.308953, -0.950845, -0.021050,  0.000000,  0.951055,  0.309021,  0.000001,  0.000000,  14.095814,  0.807137,  4.673520,  1.000000]
														}, 
														{
															"id": "Bone015", 
															"skeleton": false, 
															"transform": [ 0.006504, -0.020020,  0.999779,  0.000000,  0.308960, -0.950842, -0.021050,  0.000000,  0.951053,  0.309028,  0.000001,  0.000000,  11.845272, -0.869968, -15.391632,  1.000000]
														}
													]
												}
											]
										}
									]
								}, 
								{
									"id": "Bip001 L Thigh", 
									"skeleton": false, 
									"transform": [-0.367687,  0.929950,  0.000134,  0.000000,  0.876978,  0.346694,  0.332734,  0.000000,  0.309379,  0.122460, -0.943021,  0.000000, -21.467106,  0.535078,  17.133862,  1.000000], 
									"children": [
										{
											"id": "Bip001 L Calf", 
											"skeleton": false, 
											"transform": [ 0.515116, -0.857120,  0.000000,  0.000000,  0.857120,  0.515116,  0.000000,  0.000000, -0.000000,  0.000000,  1.000000,  0.000000,  13.159225, -0.000000, -0.000000,  1.000000], 
											"children": [
												{
													"id": "Bip001 L HorseLink", 
													"skeleton": false, 
													"transform": [ 0.090243,  0.995920, -0.000000,  0.000000, -0.995920,  0.090243,  0.000000,  0.000000,  0.000000,  0.000000,  1.000000,  0.000000,  10.815901, -0.000003,  0.000002,  1.000000], 
													"children": [
														{
															"id": "Bip001 L Foot", 
															"skeleton": false, 
															"transform": [ 0.979343, -0.160958,  0.122396,  0.000000,  0.183488,  0.961745, -0.203417,  0.000000, -0.084972,  0.221673,  0.971412,  0.000000,  6.579611,  0.000002,  0.000000,  1.000000], 
															"children": [
																{
																	"id": "Bip001 L Toe0", 
																	"skeleton": false, 
																	"transform": [ 0.142021,  0.975598, -0.167445,  0.000000, -0.989570,  0.144055,  0.000000,  0.000000,  0.024122,  0.165698,  0.985881,  0.000000,  3.783279,  4.868918, -0.000002,  1.000000]
																}
															]
														}
													]
												}
											]
										}
									]
								}, 
								{
									"id": "Bip001 R Thigh", 
									"skeleton": false, 
									"transform": [ 0.016520,  0.978703, -0.204616,  0.000000,  0.980003, -0.056435, -0.190813,  0.000000, -0.198297, -0.197372, -0.960064,  0.000000, -15.405215,  0.099701, -18.417847,  1.000000], 
									"children": [
										{
											"id": "Bip001 R Calf", 
											"skeleton": false, 
											"transform": [ 0.332252, -0.943191,  0.000000,  0.000000,  0.943191,  0.332252, -0.000000,  0.000000, -0.000000,  0.000000,  1.000000,  0.000000,  13.159224,  0.000000,  0.000000,  1.000000], 
											"children": [
												{
													"id": "Bip001 R HorseLink", 
													"skeleton": false, 
													"transform": [-0.255251,  0.966875, -0.000000,  0.000000, -0.966875, -0.255251, -0.000000,  0.000000, -0.000000,  0.000000,  1.000000,  0.000000,  10.815897, -0.000001,  0.000000,  1.000000], 
													"children": [
														{
															"id": "Bip001 R Foot", 
															"skeleton": false, 
															"transform": [ 0.745759, -0.646297, -0.161694,  0.000000,  0.661792,  0.690732,  0.291410,  0.000000, -0.076650, -0.324329,  0.942834,  0.000000,  6.579614, -0.000001,  0.000002,  1.000000], 
															"children": [
																{
																	"id": "Bip001 R Toe0", 
																	"skeleton": false, 
																	"transform": [ 0.142021,  0.975598,  0.167446,  0.000000, -0.989570,  0.144055, -0.000000,  0.000000, -0.024122, -0.165699,  0.985881,  0.000000,  3.783278,  4.868917,  0.000000,  1.000000]
																}
															]
														}
													]
												}
											]
										}
									]
								}
							]
						}
					]
				}, 
				{
					"id": "Bone001", 
					"skeleton": false, 
					"transform": [ 0.129785, -0.090431, -0.987410,  0.000000,  0.946170,  0.309092,  0.096057,  0.000000,  0.296514, -0.946724,  0.125678,  0.000000, -1.830376,  0.037419, -8.134953,  1.000000], 
					"children": [
						{
							"id": "Bone002", 
							"skeleton": false, 
							"transform": [ 0.968026, -0.249892, -0.021927,  0.000000,  0.249949,  0.968259, -0.000175,  0.000000,  0.021275, -0.005311,  0.999760,  0.000000,  13.859755,  0.000008, -0.000003,  1.000000], 
							"children": [
								{
									"id": "Bone003", 
									"skeleton": false, 
									"transform": [ 0.985496, -0.168470, -0.020368,  0.000000,  0.168497,  0.985702, -0.000366,  0.000000,  0.020139, -0.003071,  0.999792,  0.000000,  18.315508,  0.000011,  0.000000,  1.000000], 
									"children": [
										{
											"id": "Bone004", 
											"skeleton": false, 
											"transform": [ 0.992875, -0.119158, -0.000082,  0.000000,  0.119158,  0.992872,  0.002402,  0.000000, -0.000205, -0.002395,  0.999997,  0.000000,  14.930202,  0.000029,  0.000000,  1.000000], 
											"children": [
												{
													"id": "Bone005", 
													"skeleton": false, 
													"transform": [ 0.999875, -0.015800, -0.000000,  0.000000,  0.015800,  0.999875,  0.000000,  0.000000,  0.000000, -0.000000,  1.000000,  0.000000,  14.563248,  0.000045,  0.000000,  1.000000]
												}
											]
										}
									]
								}
							]
						}
					]
				}
			]
		}
	], 
	"animations": [
		{
			"id": "Take 001", 
			"length":  5.333000, 
			"bones": [
				{
					"boneId": "Bip001", 
					"keyframes": [
						{
							"keytime":  0.000000, 
							"rotation": [-0.077295, -0.059570, -0.695142,  0.712218], 
							"scale": [ 1.000000,  1.000000,  1.000000], 
							"translation": [ 2.146683,  26.655066, -1.158804]
						}, 
						{
							"keytime":  0.006250, 
							"rotation": [-0.070002, -0.052306, -0.695870,  0.712831], 
							"translation": [ 2.125083,  26.640511, -1.651381]
						}, 
						{
							"keytime":  0.012501, 
							"rotation": [-0.062592, -0.044627, -0.696545,  0.713383], 
							"translation": [ 2.102707,  26.625435, -2.161670]
						}, 
						{
							"keytime":  0.018751, 
							"rotation": [-0.054893, -0.036493, -0.697166,  0.713873], 
							"translation": [ 2.079246,  26.609621, -2.696694]
						}, 
						{
							"keytime":  0.025002, 
							"rotation": [-0.047413, -0.028592, -0.697685,  0.714262], 
							"translation": [ 2.056470,  26.594278, -3.216114]
						}, 
						{
							"keytime":  0.031252, 
							"rotation": [-0.039981, -0.020890, -0.698116,  0.714562], 
							"translation": [ 2.034076,  26.579184, -3.726805]
						}, 
						{
							"keytime":  0.037502, 
							"rotation": [-0.032654, -0.013592, -0.698459,  0.714776], 
							"translation": [ 2.012447,  26.564608, -4.220044]
						}, 
						{
							"keytime":  0.043753, 
							"rotation": [-0.025274, -0.006707, -0.698719,  0.714918], 
							"translation": [ 1.991370,  26.550406, -4.700716]
						}, 
						{
							"keytime":  0.050003, 
							"rotation": [-0.018331, -0.000851, -0.698898,  0.714986], 
							"translation": [ 1.972472,  26.537676, -5.131676]
						}, 
						{
							"keytime":  0.056254, 
							"rotation": [-0.011463,  0.004112, -0.699007,  0.715011], 
							"translation": [ 1.955021,  26.525913, -5.529650]
						}, 
						{
							"keytime":  0.062504, 
							"rotation": [-0.004509,  0.003577, -0.699032,  0.715068], 
							"translation": [ 1.951185,  26.578045, -5.691435]
						}, 
						{
							"keytime":  0.068754, 
							"rotation": [ 0.000986, -0.002545, -0.698992,  0.715125], 
							"translation": [ 1.957981,  26.638939, -5.612907]
						}, 
						{
							"keytime":  0.075005, 
							"rotation": [ 0.001388, -0.008450, -0.698968,  0.715101], 
							"translation": [ 1.955021,  26.525913, -5.529650]
						}, 
						{
							"keytime":  0.081255, 
							"rotation": [-0.002685, -0.012368, -0.698987,  0.715023], 
							"translation": [ 1.938966,  26.241838, -5.520783]
						}, 
						{
							"keytime":  0.087505, 
							"rotation": [-0.007896, -0.016888, -0.698938,  0.714940], 
							"translation": [ 1.920447,  25.910740, -5.500334]
						}, 
						{
							"keytime":  0.093756, 
							"rotation": [-0.014147, -0.021892, -0.698828,  0.714815], 
							"translation": [ 1.899507,  25.534700, -5.472297]
						}, 
						{
							"keytime":  0.100006, 
							"rotation": [-0.020776, -0.026807, -0.698666,  0.714643], 
							"translation": [ 1.878061,  25.149485, -5.443263]
						}, 
						{
							"keytime":  0.106257, 
							"rotation": [-0.027667, -0.031503, -0.698473,  0.714408], 
							"translation": [ 1.856196,  24.757973, -5.417368]
						}, 
						{
							"keytime":  0.112507, 
							"rotation": [-0.034736, -0.035822, -0.698269,  0.714094], 
							"translation": [ 1.833945,  24.362267, -5.399130]
						}, 
						{
							"keytime":  0.118757, 
							"rotation": [-0.041272, -0.039236, -0.698102,  0.713731], 
							"translation": [ 1.813302,  23.999296, -5.394561]
						}, 
						{
							"keytime":  0.125008, 
							"rotation": [-0.047199, -0.041607, -0.698008,  0.713321], 
							"translation": [ 1.794284,  23.670746, -5.407860]
						}, 
						{
							"keytime":  0.131258, 
							"rotation": [-0.052227, -0.042666, -0.698033,  0.712882], 
							"translation": [ 1.777564,  23.390045, -5.443890]
						}, 
						{
							"keytime":  0.137509, 
							"rotation": [-0.056170, -0.042109, -0.698234,  0.712419], 
							"translation": [ 1.763455,  23.164845, -5.509829]
						}, 
						{
							"keytime":  0.143759, 
							"rotation": [-0.057131, -0.037993, -0.698805,  0.712014], 
							"translation": [ 1.753976,  23.082201, -5.629522]
						}, 
						{
							"keytime":  0.150009, 
							"rotation": [-0.054837, -0.029648, -0.699783,  0.711631], 
							"translation": [ 1.748731,  23.153969, -5.813725]
						}, 
						{
							"keytime":  0.156260, 
							"rotation": [-0.050769, -0.018396, -0.700972,  0.711141], 
							"translation": [ 1.746694,  23.317280, -6.046756]
						}, 
						{
							"keytime":  0.162510, 
							"rotation": [-0.046814, -0.006608, -0.702109,  0.710498], 
							"translation": [ 1.746963,  23.492895, -6.291505]
						}, 
						{
							"keytime":  0.168761, 
							"rotation": [-0.044495,  0.004320, -0.703099,  0.709685], 
							"translation": [ 1.748426,  23.615875, -6.531200]
						}, 
						{
							"keytime":  0.175011, 
							"rotation": [-0.045544,  0.012894, -0.703899,  0.708721], 
							"translation": [ 1.750117,  23.614874, -6.748454]
						}, 
						{
							"keytime":  0.181261, 
							"rotation": [-0.051539,  0.016891, -0.704399,  0.707729], 
							"translation": [ 1.750895,  23.420435, -6.907044]
						}, 
						{
							"keytime":  0.187512, 
							"rotation": [-0.064802,  0.015139, -0.704453,  0.706624], 
							"translation": [ 1.751658,  22.955090, -6.995187]
						}, 
						{
							"keytime":  0.193762, 
							"rotation": [-0.085375,  0.008351, -0.703894,  0.705107], 
							"translation": [ 1.753684,  22.227440, -7.027815]
						}, 
						{
							"keytime":  0.200012, 
							"rotation": [-0.109180, -0.001096, -0.702695,  0.703064], 
							"translation": [ 1.756352,  21.380337, -7.029778]
						}, 
						{
							"keytime":  0.206263, 
							"rotation": [-0.133883, -0.011370, -0.700968,  0.700421], 
							"translation": [ 1.759186,  20.495102, -7.029331]
						}, 
						{
							"keytime":  0.212513, 
							"rotation": [-0.157299, -0.020734, -0.699012,  0.697287], 
							"translation": [ 1.761733,  19.648338, -7.054422]
						}, 
						{
							"keytime":  0.218764, 
							"rotation": [-0.175219, -0.026627, -0.697535,  0.694287], 
							"translation": [ 1.763315,  18.991961, -7.130795]
						}, 
						{
							"keytime":  0.225014, 
							"rotation": [-0.189162, -0.029453, -0.696705,  0.691341], 
							"translation": [ 1.764040,  18.451447, -7.256877]
						}, 
						{
							"keytime":  0.231264, 
							"rotation": [-0.200817, -0.030721, -0.696280,  0.688420], 
							"translation": [ 1.764312,  17.962791, -7.400008]
						}, 
						{
							"keytime":  0.237515, 
							"rotation": [-0.210964, -0.030968, -0.696120,  0.685530], 
							"translation": [ 1.764277,  17.517944, -7.561895]
						}, 
						{
							"keytime":  0.243765, 
							"rotation": [-0.220169, -0.030597, -0.696102,  0.682665], 
							"translation": [ 1.764040,  17.115282, -7.746778]
						}, 
						{
							"keytime":  0.250016, 
							"rotation": [-0.228202, -0.030048, -0.696090,  0.680058], 
							"translation": [ 1.763731,  16.787914, -7.942323]
						}, 
						{
							"keytime":  0.256266, 
							"rotation": [-0.235659, -0.029735, -0.695939,  0.677680], 
							"translation": [ 1.763459,  16.532467, -8.152269]
						}, 
						{
							"keytime":  0.262516, 
							"rotation": [-0.243059, -0.030096, -0.695478,  0.675520], 
							"translation": [ 1.763338,  16.354343, -8.382113]
						}, 
						{
							"keytime":  0.268767, 
							"rotation": [-0.249664, -0.031066, -0.694746,  0.673818], 
							"translation": [ 1.763338,  16.316895, -8.659962]
						}, 
						{
							"keytime":  0.275017, 
							"rotation": [-0.255259, -0.032259, -0.693896,  0.672541], 
							"translation": [ 1.763338,  16.425678, -9.004475]
						}, 
						{
							"keytime":  0.281268, 
							"rotation": [-0.260081, -0.033634, -0.692957,  0.671593], 
							"translation": [ 1.763338,  16.636124, -9.380861]
						}, 
						{
							"keytime":  0.287518, 
							"rotation": [-0.263955, -0.035025, -0.692042,  0.670954], 
							"translation": [ 1.763338,  16.883596, -9.720735]
						}, 
						{
							"keytime":  0.293768, 
							"rotation": [-0.267143, -0.036388, -0.691175,  0.670513], 
							"translation": [ 1.763338,  17.121433, -9.989348]
						}, 
						{
							"keytime":  0.300019, 
							"rotation": [-0.269821, -0.037674, -0.690386,  0.670182], 
							"translation": [ 1.763338,  17.301819, -10.143264]
						}, 
						{
							"keytime":  0.306269, 
							"rotation": [-0.272087, -0.038877, -0.689683,  0.669922], 
							"translation": [ 1.769027,  17.427759, -10.210929]
						}, 
						{
							"keytime":  0.312520, 
							"rotation": [-0.274222, -0.040154, -0.688967,  0.669712], 
							"translation": [ 1.784961,  17.554256, -10.267910]
						}, 
						{
							"keytime":  0.318770, 
							"rotation": [-0.276298, -0.041533, -0.688219,  0.669544], 
							"translation": [ 1.810303,  17.684933, -10.316294]
						}, 
						{
							"keytime":  0.325020, 
							"rotation": [-0.278204, -0.042922, -0.687486,  0.669420], 
							"translation": [ 1.841849,  17.811867, -10.354038]
						}, 
						{
							"keytime":  0.331271, 
							"rotation": [-0.280017, -0.044345, -0.686747,  0.669330], 
							"translation": [ 1.878525,  17.938669, -10.383512]
						}, 
						{
							"keytime":  0.337521, 
							"rotation": [-0.281800, -0.045836, -0.685983,  0.669264], 
							"translation": [ 1.919889,  18.068933, -10.406074]
						}, 
						{
							"keytime":  0.343772, 
							"rotation": [-0.283459, -0.047293, -0.685242,  0.669222], 
							"translation": [ 1.961793,  18.194759, -10.421200]
						}, 
						{
							"keytime":  0.350022, 
							"rotation": [-0.285062, -0.048748, -0.684502,  0.669193], 
							"translation": [ 2.003714,  18.319763, -10.430465]
						}, 
						{
							"keytime":  0.356272, 
							"rotation": [-0.286667, -0.050232, -0.683745,  0.669172], 
							"translation": [ 2.045131,  18.447447, -10.434721]
						}, 
						{
							"keytime":  0.362523, 
							"rotation": [-0.288191, -0.051643, -0.683017,  0.669154], 
							"translation": [ 2.081894,  18.570070, -10.434528]
						}, 
						{
							"keytime":  0.368773, 
							"rotation": [-0.289696, -0.053014, -0.682297,  0.669131], 
							"translation": [ 2.113559,  18.691174, -10.430882]
						}, 
						{
							"keytime":  0.375024, 
							"rotation": [-0.291238, -0.054371, -0.681568,  0.669096], 
							"translation": [ 2.139062,  18.814110, -10.424357]
						}, 
						{
							"keytime":  0.381274, 
							"rotation": [-0.292739, -0.055621, -0.680874,  0.669044], 
							"translation": [ 2.155186,  18.931423, -10.416143]
						}, 
						{
							"keytime":  0.387524, 
							"rotation": [-0.294258, -0.056792, -0.680196,  0.668969], 
							"translation": [ 2.161098,  19.046520, -10.406884]
						}, 
						{
							"keytime":  0.393775, 
							"rotation": [-0.295853, -0.057904, -0.679517,  0.668861], 
							"translation": [ 2.154717,  19.162550, -10.397095]
						}, 
						{
							"keytime":  0.400025, 
							"rotation": [-0.297443, -0.058877, -0.678878,  0.668720], 
							"translation": [ 2.134704,  19.272451, -10.388161]
						}, 
						{
							"keytime":  0.406276, 
							"rotation": [-0.299087, -0.059733, -0.678262,  0.668536], 
							"translation": [ 2.099364,  19.379442, -10.380589]
						}, 
						{
							"keytime":  0.412526, 
							"rotation": [-0.300850, -0.060480, -0.677653,  0.668295], 
							"translation": [ 2.045131,  19.486391, -10.375057]
						}, 
						{
							"keytime":  0.418776, 
							"rotation": [-0.302641, -0.061061, -0.677089,  0.668005], 
							"translation": [ 1.973481,  19.586779, -10.372699]
						}, 
						{
							"keytime":  0.425027, 
							"rotation": [-0.304522, -0.061487, -0.676554,  0.667653], 
							"translation": [ 1.881390,  19.683563, -10.374113]
						}, 
						{
							"keytime":  0.431277, 
							"rotation": [-0.306567, -0.061751, -0.676034,  0.667219], 
							"translation": [ 1.763338,  19.779270, -10.380358]
						}, 
						{
							"keytime":  0.437527, 
							"rotation": [-0.308961, -0.060150, -0.676666,  0.665618], 
							"translation": [ 1.449398,  19.844799, -10.386426]
						}, 
						{
							"keytime":  0.443778, 
							"rotation": [-0.311920, -0.055976, -0.678732,  0.662491], 
							"translation": [ 0.851372,  19.867889, -10.388190]
						}, 
						{
							"keytime":  0.450028, 
							"rotation": [-0.315343, -0.050494, -0.681096,  0.658876], 
							"translation": [ 0.081533,  19.860260, -10.386998]
						}, 
						{
							"keytime":  0.456279, 
							"rotation": [-0.318834, -0.045480, -0.682436,  0.656169], 
							"translation": [-0.677467,  19.834761, -10.384351]
						}, 
						{
							"keytime":  0.462529, 
							"rotation": [-0.322314, -0.042218, -0.681689,  0.655463], 
							"translation": [-1.310869,  19.803841, -10.381668]
						}, 
						{
							"keytime":  0.468779, 
							"rotation": [-0.325699, -0.042211, -0.677535,  0.658092], 
							"translation": [-1.688627,  19.779270, -10.380358]
						}, 
						{
							"keytime":  0.475030, 
							"rotation": [-0.325845, -0.052402, -0.671718,  0.663230], 
							"translation": [-2.252367,  19.520452, -10.570696]
						}, 
						{
							"keytime":  0.481280, 
							"rotation": [-0.321616, -0.074397, -0.665711,  0.669222], 
							"translation": [-3.338637,  18.912975, -11.033836]
						}, 
						{
							"keytime":  0.487530, 
							"rotation": [-0.315366, -0.101760, -0.658427,  0.675769], 
							"translation": [-4.596783,  18.160933, -11.608709]
						}, 
						{
							"keytime":  0.493781, 
							"rotation": [-0.309493, -0.128761, -0.648817,  0.683134], 
							"translation": [-5.700665,  17.451483, -12.146924]
						}, 
						{
							"keytime":  0.500031, 
							"rotation": [-0.307111, -0.147367, -0.637170,  0.691361], 
							"translation": [-6.228809,  17.033867, -12.453051]
						}, 
						{
							"keytime":  0.506282, 
							"rotation": [-0.310849, -0.152119, -0.623185,  0.701337], 
							"translation": [-5.865901,  17.090290, -12.382682]
						}, 
						{
							"keytime":  0.512532, 
							"rotation": [-0.323888, -0.135802, -0.605982,  0.713751], 
							"translation": [-4.187909,  17.860806, -11.745466]
						}, 
						{
							"keytime":  0.518782, 
							"rotation": [-0.347441, -0.092981, -0.585346,  0.726643], 
							"translation": [-0.954271,  19.492819, -10.428502]
						}, 
						{
							"keytime":  0.525033, 
							"rotation": [-0.385369,  0.013811, -0.548498,  0.741923], 
							"translation": [ 5.985755,  23.716942, -6.888643]
						}, 
						{
							"keytime":  0.531283, 
							"rotation": [-0.431658,  0.194981, -0.477071,  0.740309], 
							"translation": [ 17.434631,  30.996103, -0.741866]
						}, 
						{
							"keytime":  0.537533, 
							"rotation": [-0.469575,  0.390262, -0.376148,  0.696927], 
							"translation": [ 30.482573,  38.829388,  5.754892]
						}, 
						{
							"keytime":  0.543784, 
							"rotation": [-0.496576,  0.555140, -0.261943,  0.613692], 
							"translation": [ 43.173939,  45.323566,  10.858243]
						}, 
						{
							"keytime":  0.550034, 
							"rotation": [-0.522283,  0.659044, -0.162315,  0.516270], 
							"translation": [ 53.500824,  48.419113,  12.652289]
						}, 
						{
							"keytime":  0.556285, 
							"rotation": [-0.567030,  0.699385, -0.093354,  0.424996], 
							"translation": [ 60.719467,  46.712975,  9.873574]
						}, 
						{
							"keytime":  0.562535, 
							"rotation": [-0.630727,  0.701834, -0.039759,  0.328681], 
							"translation": [ 66.680473,  41.719997,  3.878330]
						}, 
						{
							"keytime":  0.568785, 
							"rotation": [ 0.697549, -0.677862, -0.001609, -0.232220], 
							"translation": [ 71.664925,  34.991577, -3.903204]
						}, 
						{
							"keytime":  0.575036, 
							"rotation": [ 0.747956, -0.646004, -0.031385, -0.149182], 
							"translation": [ 75.523041,  28.701651, -11.324990]
						}, 
						{
							"keytime":  0.581286, 
							"rotation": [ 0.772601, -0.626794, -0.055547, -0.084454], 
							"translation": [ 78.565590,  24.445335, -16.925653]
						}, 
						{
							"keytime":  0.587536, 
							"rotation": [ 0.766397, -0.637480, -0.053916, -0.057852], 
							"translation": [ 80.558472,  22.464685, -19.535906]
						}, 
						{
							"keytime":  0.593787, 
							"rotation": [ 0.741337, -0.667179, -0.026796, -0.067630], 
							"translation": [ 81.033813,  21.939217, -20.213900]
						}, 
						{
							"keytime":  0.600037, 
							"rotation": [ 0.711789, -0.697250, -0.009574, -0.084303], 
							"translation": [ 80.107704,  22.764198, -21.015150]
						}, 
						{
							"keytime":  0.606288, 
							"rotation": [-0.696397,  0.712317,  0.038578,  0.078407], 
							"translation": [ 77.737099,  25.003149, -24.015047]
						}, 
						{
							"keytime":  0.612538, 
							"rotation": [ 0.698629, -0.693819, -0.170738, -0.037164], 
							"translation": [ 72.896492,  30.850456, -31.965370]
						}, 
						{
							"keytime":  0.618788, 
							"rotation": [ 0.688877, -0.629899, -0.357577,  0.028532], 
							"translation": [ 65.587021,  39.168892, -42.615906]
						}, 
						{
							"keytime":  0.625039, 
							"rotation": [ 0.672350, -0.549969, -0.483443,  0.108454], 
							"translation": [ 57.461899,  44.708057, -50.187695]
						}, 
						{
							"keytime":  0.631289, 
							"rotation": [ 0.680157, -0.488266, -0.512893,  0.189532], 
							"translation": [ 49.614647,  46.047550, -52.966721]
						}, 
						{
							"keytime":  0.637539, 
							"rotation": [ 0.700959, -0.425294, -0.502668,  0.274055], 
							"translation": [ 41.349075,  46.136189, -54.273914]
						}, 
						{
							"keytime":  0.643790, 
							"rotation": [ 0.716366, -0.361300, -0.474851,  0.361660], 
							"translation": [ 32.737652,  45.195202, -54.496178]
						}, 
						{
							"keytime":  0.650040, 
							"rotation": [ 0.708954, -0.302698, -0.455781,  0.444996], 
							"translation": [ 24.619598,  43.529491, -54.001984]
						}, 
						{
							"keytime":  0.656291, 
							"rotation": [ 0.665075, -0.250618, -0.469315,  0.524032], 
							"translation": [ 17.081526,  41.392792, -53.207684]
						}, 
						{
							"keytime":  0.662541, 
							"rotation": [ 0.538245, -0.204069, -0.546152,  0.608577], 
							"translation": [ 9.417720,  37.461643, -51.180420]
						}, 
						{
							"keytime":  0.668791, 
							"rotation": [ 0.334490, -0.162023, -0.646193,  0.666558], 
							"translation": [ 2.135583,  31.916994, -47.835716]
						}, 
						{
							"keytime":  0.675042, 
							"rotation": [ 0.122172, -0.127748, -0.710306,  0.681337], 
							"translation": [-3.840331,  26.642647, -44.512642]
						}, 
						{
							"keytime":  0.681292, 
							"rotation": [ 0.001257, -0.103207, -0.735062,  0.670097], 
							"translation": [-7.399909,  23.597496, -42.584221]
						}, 
						{
							"keytime":  0.687542, 
							"rotation": [-0.034797, -0.093500, -0.737801,  0.667605], 
							"translation": [-9.088076,  22.592524, -42.070587]
						}, 
						{
							"keytime":  0.693793, 
							"rotation": [-0.060248, -0.086942, -0.739187,  0.665142], 
							"translation": [-10.607244,  21.755070, -41.809181]
						}, 
						{
							"keytime":  0.700043, 
							"rotation": [-0.077175, -0.083087, -0.739774,  0.663231], 
							"translation": [-12.001752,  21.050177, -41.749977]
						}, 
						{
							"keytime":  0.706294, 
							"rotation": [-0.085801, -0.081705, -0.739939,  0.662158], 
							"translation": [-13.186175,  20.513075, -41.851231]
						}, 
						{
							"keytime":  0.712544, 
							"rotation": [-0.087966, -0.082168, -0.739904,  0.661855], 
							"translation": [-14.200874,  20.114296, -42.063446]
						}, 
						{
							"keytime":  0.718794, 
							"rotation": [-0.084706, -0.084058, -0.739737,  0.662229], 
							"translation": [-15.065592,  19.841234, -42.350708]
						}, 
						{
							"keytime":  0.725045, 
							"rotation": [-0.077421, -0.086765, -0.739457,  0.663085], 
							"translation": [-15.726348,  19.703367, -42.650658]
						}, 
						{
							"keytime":  0.731295, 
							"rotation": [-0.067280, -0.089829, -0.739049,  0.664237], 
							"translation": [-16.208128,  19.684208, -42.926056]
						}, 
						{
							"keytime":  0.737545, 
							"rotation": [-0.055108, -0.092837, -0.738504,  0.665550], 
							"translation": [-16.514063,  19.781765, -43.136681]
						}, 
						{
							"keytime":  0.743796, 
							"rotation": [-0.042833, -0.095119, -0.737895,  0.666805], 
							"translation": [-16.623041,  19.983721, -43.224686]
						}, 
						{
