{
	"version": "0.7", 
	"id": "", 
	"meshes": [], 
	"materials": [], 
	"nodes": [
		{
			"id": "Bip001", 
			"skeleton": false, 
			"transform": [ 0.000000, -0.995937,  0.090050,  0.000000,  1.000000,  0.000000, -0.000001,  0.000000,  0.000001,  0.090050,  0.995937,  0.000000,  0.000000,  154.490250, -100.981346,  1.000000], 
			"children": [
				{
					"id": "Bip001 Pelvis", 
					"skeleton": false, 
					"transform": [ 0.000000,  0.000000,  1.000000,  0.000000,  1.000000,  0.000001, -0.000000,  0.000000, -0.000001,  1.000000,  0.000000,  0.000000,  0.000000,  0.000000,  0.000000,  1.000000], 
					"children": [
						{
							"id": "Bip001 Spine", 
							"skeleton": false, 
							"transform": [ 0.995283, -0.097013,  0.000002,  0.000000,  0.097013,  0.995283, -0.000004,  0.000000, -0.000001,  0.000004,  1.000000,  0.000000,  35.315422, -0.009171,  0.000049,  1.000000], 
							"children": [
								{
									"id": "Bip001 Spine1", 
									"skeleton": false, 
									"transform": [ 0.876884,  0.480701,  0.000001,  0.000000, -0.480701,  0.876884, -0.000000,  0.000000, -0.000001, -0.000000,  1.000000,  0.000000,  11.574217, -0.037201, -0.000000,  1.000000], 
									"children": [
										{
											"id": "Bip001 Spine2", 
											"skeleton": false, 
											"transform": [ 0.979065,  0.203546,  0.000001,  0.000000, -0.203546,  0.979065, -0.000000,  0.000000, -0.000001, -0.000000,  1.000000,  0.000000,  53.239075, -0.041931, -0.000000,  1.000000], 
											"children": [
												{
													"id": "Bip001 Neck", 
													"skeleton": false, 
													"transform": [-0.263073, -0.964776, -0.000003,  0.000000,  0.964776, -0.263073, -0.000004,  0.000000,  0.000003, -0.000004,  1.000000,  0.000000,  73.559677, -24.685516, -0.000129,  1.000000], 
													"children": [
														{
															"id": "Bip001 Neck1", 
															"skeleton": false, 
															"transform": [ 0.980142, -0.198299, -0.000001,  0.000000,  0.198299,  0.980142, -0.000000,  0.000000,  0.000001, -0.000000,  1.000000,  0.000000,  51.735413, -0.033184, -0.000000,  1.000000], 
															"children": [
																{
																	"id": "Bip001 Neck2", 
																	"skeleton": false, 
																	"transform": [ 0.987348,  0.158569,  0.000000,  0.000000, -0.158569,  0.987348, -0.000000,  0.000000, -0.000000, -0.000000,  1.000000,  0.000000,  42.532990, -0.036873, -0.000000,  1.000000], 
																	"children": [
																		{
																			"id": "Bip001 Neck3", 
																			"skeleton": false, 
																			"transform": [ 0.792616,  0.609721,  0.000002,  0.000000, -0.609721,  0.792616, -0.000001,  0.000000, -0.000002, -0.000001,  1.000000,  0.000000,  46.922455, -0.034786, -0.000000,  1.000000], 
																			"children": [
																				{
																					"id": "Bip001 Neck4", 
																					"skeleton": false, 
																					"transform": [ 0.783225,  0.621739,  0.000002,  0.000000, -0.621739,  0.783225, -0.000001,  0.000000, -0.000002, -0.000001,  1.000000,  0.000000,  55.138458, -0.041275, -0.000000,  1.000000], 
																					"children": [
																						{
																							"id": "Bip001 Head", 
																							"skeleton": false, 
																							"transform": [ 0.891043,  0.436525,  0.124456,  0.000000, -0.423718,  0.898223, -0.116869,  0.000000, -0.162806,  0.051401,  0.985318,  0.000000,  66.134476,  0.000031, -0.000000,  1.000000], 
																							"children": [
																								{
																									"id": "Bone001", 
																									"skeleton": false, 
																									"transform": [ 0.971066,  0.231113,  0.060135,  0.000000,  0.234766, -0.970003, -0.063069,  0.000000,  0.043755,  0.075362, -0.996196,  0.000000,  52.046211,  36.381042,  2.447548,  1.000000]
																								}, 
																								{
																									"id": "Bone035", 
																									"skeleton": false, 
																									"transform": [ 0.937675,  0.346332,  0.028609,  0.000000,  0.347501, -0.933839, -0.084781,  0.000000, -0.002646,  0.089439, -0.995988,  0.000000,  26.271400,  14.420044,  3.238010,  1.000000]
																								}, 
																								{
																									"id": "Bone037", 
																									"skeleton": false, 
																									"transform": [-0.047173, -0.079352,  0.309662,  0.000000, -0.649218, -0.707145, -0.280111,  0.000000,  0.746460, -0.663052, -0.056196,  0.000000,  68.098022,  0.883331,  8.033890,  1.000000]
																								}, 
																								{
																									"id": "Bone036", 
																									"skeleton": false, 
																									"transform": [-0.009636, -0.006702,  0.322916,  0.000000, -0.888164, -0.458113, -0.036010,  0.000000,  0.458558, -0.888652, -0.004761,  0.000000,  102.043488, -26.629730, -14.916199,  1.000000]
																								}
																							]
																						}
																					]
																				}
																			]
																		}
																	]
																}
															]
														}, 
														{
															"id": "Bip001 L Clavicle", 
															"skeleton": false, 
															"transform": [-0.005990, -0.189078,  0.981944,  0.000000,  0.963454,  0.261888,  0.056305,  0.000000, -0.267805,  0.946395,  0.180599,  0.000000, -13.754028, -4.692532,  33.784760,  1.000000], 
															"children": [
																{
																	"id": "Bip001 L UpperArm", 
																	"skeleton": false, 
																	"transform": [-0.160610, -0.818006,  0.552332,  0.000000,  0.160303, -0.573785, -0.803165,  0.000000,  0.973914, -0.040456,  0.223284,  0.000000,  48.508041,  0.000000,  0.000004,  1.000000], 
																	"children": [
																		{
																			"id": "Bip001 L Forearm", 
																			"skeleton": false, 
																			"transform": [ 0.728144, -0.685424,  0.000000,  0.000000,  0.685424,  0.728144,  0.000000,  0.000000,  0.000000, -0.000000,  1.000000,  0.000000,  71.447144, -0.000000,  0.000000,  1.000000], 
																			"children": [
																				{
																					"id": "Bip001 L Hand", 
																					"skeleton": false, 
																					"transform": [ 0.653926, -0.747976,  0.113634,  0.000000,  0.716606,  0.660531,  0.223996,  0.000000, -0.242603, -0.065046,  0.967943,  0.000000,  68.989609,  0.000008,  0.000000,  1.000000], 
																					"children": [
																						{
																							"id": "Bip001 L Finger0", 
																							"skeleton": false, 
																							"transform": [ 0.903865,  0.409900,  0.122515,  0.000000, -0.372747,  0.895084, -0.244713,  0.000000, -0.209969,  0.175521,  0.961824,  0.000000,  38.387299,  0.000004,  0.000004,  1.000000]
																						}
																					]
																				}
																			]
																		}
																	]
																}
															]
														}, 
														{
															"id": "Bip001 R Clavicle", 
															"skeleton": false, 
															"transform": [ 0.063141, -0.834302, -0.547681,  0.000000,  0.927213,  0.252038, -0.277042,  0.000000,  0.369173, -0.490324,  0.789489,  0.000000, -13.754028, -4.692333, -33.784668,  1.000000], 
															"children": [
																{
																	"id": "Bip001 R UpperArm", 
																	"skeleton": false, 
																	"transform": [ 0.208730, -0.968633, -0.134842,  0.000000,  0.772651,  0.078808,  0.629921,  0.000000, -0.599536, -0.235670,  0.764864,  0.000000,  48.508045,  0.000000,  0.000008,  1.000000], 
																	"children": [
																		{
																			"id": "Bip001 R Forearm", 
																			"skeleton": false, 
																			"transform": [ 0.525056, -0.851068, -0.000000,  0.000000,  0.851068,  0.525056, -0.000000,  0.000000,  0.000000,  0.000000,  1.000000,  0.000000,  71.447144, -0.000000, -0.000000,  1.000000], 
																			"children": [
																				{
																					"id": "Bip001 R Hand", 
																					"skeleton": false, 
																					"transform": [ 0.311322, -0.936902,  0.159039,  0.000000,  0.931372,  0.334056,  0.144754,  0.000000, -0.188749,  0.103060,  0.976603,  0.000000,  68.989609,  0.000000, -0.000004,  1.000000], 
																					"children": [
																						{
																							"id": "Bip001 R Finger0", 
																							"skeleton": false, 
																							"transform": [ 0.965189,  0.234635, -0.115572,  0.000000, -0.255072,  0.942159, -0.217427,  0.000000,  0.057871,  0.239337,  0.969210,  0.000000,  38.387291, -0.000002,  0.000004,  1.000000]
																						}
																					]
																				}
																			]
																		}
																	]
																}
															]
														}
													]
												}, 
												{
													"id": "Bone045(mirrored)", 
													"skeleton": false, 
													"transform": [-0.649800, -0.413249, -0.637954,  0.000000,  0.100578,  0.785170, -0.611057,  0.000000,  0.753421, -0.461229, -0.468640,  0.000000,  2.160759, -57.481339, -47.128391,  1.000000], 
													"children": [
														{
															"id": "Bone039(mirrored)", 
															"skeleton": false, 
															"transform": [ 0.879092, -0.320104, -0.353173,  0.000000,  0.246558,  0.939496, -0.237814,  0.000000,  0.407930,  0.121983,  0.904828,  0.000000,  57.621658, -0.093895, -0.000011,  1.000000], 
															"children": [
																{
																	"id": "Bone040(mirrored)", 
																	"skeleton": false, 
																	"transform": [ 0.921842, -0.322424,  0.215058,  0.000000,  0.325420,  0.945306,  0.022334,  0.000000, -0.210496,  0.049396,  0.976346,  0.000000,  68.437225, -0.000038, -0.000000,  1.000000], 
																	"children": [
																		{
																			"id": "Bone046(mirrored)", 
																			"skeleton": false, 
																			"transform": [ 0.999232, -0.013956, -0.036613,  0.000000,  0.019567, -0.631827,  0.774863,  0.000000, -0.033947, -0.774984, -0.631068,  0.000000,  65.171387, -0.000107, -0.000057,  1.000000], 
																			"children": [
																				{
																					"id": "Bone047(mirrored)", 
																					"skeleton": false, 
																					"transform": [ 0.995138,  0.011393,  0.097830,  0.000000, -0.001794,  0.995219, -0.097654,  0.000000, -0.098475,  0.097004,  0.990400,  0.000000,  91.194397, -0.000008, -0.000008,  1.000000], 
																					"children": [
																						{
																							"id": "Bone052(mirrored)", 
																							"skeleton": false, 
																							"transform": [-0.813363, -0.521545, -0.257744,  0.000000, -0.003266, -0.438944,  0.898508,  0.000000, -0.581748,  0.731655,  0.355318,  0.000000,  97.336609, -22.929062, -16.008308,  1.000000]
																						}, 
																						{
																							"id": "Bone048(mirrored)", 
																							"skeleton": false, 
																							"transform": [-0.174632, -0.961973, -0.210027,  0.000000, -0.442727,  0.267240, -0.855906,  0.000000,  0.879486, -0.056484, -0.472560,  0.000000,  110.863037,  22.689247,  3.509880,  1.000000], 
																							"children": [
																								{
																									"id": "Bone049(mirrored)", 
																									"skeleton": false, 
																									"transform": [ 0.984824,  0.168075,  0.043263,  0.000000, -0.116528,  0.825092, -0.552852,  0.000000, -0.128617,  0.539420,  0.832156,  0.000000,  137.919495,  0.002838, -0.000061,  1.000000], 
																									"children": [
																										{
																											"id": "Bone050(mirrored)", 
																											"skeleton": false, 
																											"transform": [ 0.943991,  0.308013, -0.118360,  0.000000, -0.315950,  0.947181, -0.054995,  0.000000,  0.095169,  0.089311,  0.991447,  0.000000,  138.908157, -0.000549,  0.000122,  1.000000]
																										}
																									]
																								}
																							]
																						}
																					]
																				}
																			]
																		}
																	]
																}, 
																{
																	"id": "Bone054(mirrored)", 
																	"skeleton": false, 
																	"transform": [-0.263385,  0.516734, -0.814625,  0.000000,  0.234623, -0.784774, -0.573657,  0.000000, -0.935725, -0.342222,  0.085460,  0.000000,  74.381897, -0.627563, -5.115082,  1.000000]
																}
															]
														}
													]
												}, 
												{
													"id": "Bone045", 
													"skeleton": false, 
													"transform": [-0.469733, -0.473418,  0.745135,  0.000000,  0.183268, -0.877956, -0.442273,  0.000000,  0.863576, -0.071191,  0.499167,  0.000000,  3.204254, -56.266296,  44.017639,  1.000000], 
													"children": [
														{
															"id": "Bone039", 
															"skeleton": false, 
															"transform": [ 0.748076,  0.067168, -0.660205,  0.000000, -0.217653,  0.964667, -0.148478,  0.000000,  0.626905,  0.254768,  0.736263,  0.000000,  57.621643,  0.093895,  0.000004,  1.000000], 
															"children": [
																{
																	"id": "Bone040", 
																	"skeleton": false, 
																	"transform": [ 0.956695,  0.169059,  0.236967,  0.000000, -0.201546,  0.972077,  0.120186,  0.000000, -0.210032, -0.162741,  0.964055,  0.000000,  68.437241,  0.000015,  0.000000,  1.000000], 
																	"children": [
																		{
																			"id": "Bone046", 
																			"skeleton": false, 
																			"transform": [ 0.949252,  0.222551,  0.222242,  0.000000,  0.312679, -0.591499, -0.743210,  0.000000, -0.033946,  0.774984, -0.631069,  0.000000,  65.171356,  0.000122, -0.000053,  1.000000], 
																			"children": [
																				{
																					"id": "Bone047", 
																					"skeleton": false, 
																					"transform": [ 0.968760,  0.033168, -0.245771,  0.000000,  0.046663,  0.948936,  0.311998,  0.000000,  0.243570, -0.313720,  0.917743,  0.000000,  91.194366,  0.000011, -0.000008,  1.000000], 
																					"children": [
																						{
																							"id": "Bone052", 
																							"skeleton": false, 
																							"transform": [-0.918456,  0.343666, -0.195784,  0.000000, -0.026844, -0.548023, -0.836032,  0.000000, -0.394610, -0.762604,  0.512561,  0.000000,  97.336639,  22.929058, -16.008286,  1.000000]
																						}, 
																						{
																							"id": "Bone048", 
																							"skeleton": false, 
																							"transform": [-0.304150,  0.761642, -0.572184,  0.000000,  0.470807,  0.642339,  0.604765,  0.000000,  0.828150, -0.085449, -0.553954,  0.000000,  110.863068, -22.689228,  3.509857,  1.000000], 
																							"children": [
																								{
																									"id": "Bone049", 
																									"skeleton": false, 
																									"transform": [ 0.975626, -0.159180, -0.151047,  0.000000,  0.167762,  0.984763,  0.045800,  0.000000,  0.141455, -0.070024,  0.987465,  0.000000,  137.919495, -0.002838,  0.000000,  1.000000], 
																									"children": [
																										{
																											"id": "Bone050", 
																											"skeleton": false, 
																											"transform": [ 0.933252, -0.306640, -0.187120,  0.000000,  0.224999,  0.905038, -0.360945,  0.000000,  0.280031,  0.294751,  0.913622,  0.000000,  138.908035,  0.000549, -0.000031,  1.000000]
																										}
																									]
																								}
																							]
																						}
																					]
																				}
																			]
																		}
																	]
																}, 
																{
																	"id": "Bone054", 
																	"skeleton": false, 
																	"transform": [-0.215740, -0.352751, -0.910507,  0.000000, -0.820544, -0.439968,  0.364878,  0.000000, -0.529305,  0.825830, -0.194529,  0.000000,  74.381927,  0.627518, -5.115082,  1.000000]
																}
															]
														}
													]
												}
											]
										}
									]
								}, 
								{
									"id": "Bip001 L Thigh", 
									"skeleton": false, 
									"transform": [-0.694290,  0.709815,  0.118846,  0.000000,  0.683439,  0.598508,  0.417970,  0.000000,  0.225551,  0.371417, -0.900653,  0.000000, -35.149723, -3.417068,  54.826710,  1.000000], 
									"children": [
										{
											"id": "Bip001 L Calf", 
											"skeleton": false, 
											"transform": [ 0.938265, -0.345916, -0.000000,  0.000000,  0.345916,  0.938265,  0.000000,  0.000000, -0.000000,  0.000000,  1.000000,  0.000000,  68.548294, -0.000008, -0.000015,  1.000000], 
											"children": [
												{
													"id": "Bip001 L HorseLink", 
													"skeleton": false, 
													"transform": [ 0.560323,  0.828274,  0.000000,  0.000000, -0.828274,  0.560323,  0.000000,  0.000000, -0.000000, -0.000000,  1.000000,  0.000000,  57.532131,  0.000000,  0.000000,  1.000000], 
													"children": [
														{
															"id": "Bip001 L Foot", 
															"skeleton": false, 
															"transform": [ 0.940274, -0.105206,  0.323752,  0.000000,  0.079974,  0.992697,  0.090316,  0.000000, -0.330890, -0.059030,  0.941821,  0.000000,  49.186447, -0.000015, -0.000015,  1.000000], 
															"children": [
																{
																	"id": "Bip001 L Toe0", 
																	"skeleton": false, 
																	"transform": [-0.000000,  1.000000,  0.000000,  0.000000, -1.000000, -0.000000, -0.000000,  0.000000, -0.000000, -0.000000,  1.000000,  0.000000,  16.149719,  30.085251,  0.000000,  1.000000]
																}
															]
														}
													]
												}
											]
										}
									]
								}, 
								{
									"id": "Bip001 R Thigh", 
									"skeleton": false, 
									"transform": [ 0.325568,  0.922575, -0.207028,  0.000000,  0.926537, -0.354944, -0.124675,  0.000000, -0.188505, -0.151229, -0.970359,  0.000000, -35.149723, -3.416779, -54.826725,  1.000000], 
									"children": [
										{
											"id": "Bip001 R Calf", 
											"skeleton": false, 
											"transform": [ 0.072494, -0.997369, -0.000000,  0.000000,  0.997369,  0.072494,  0.000000,  0.000000, -0.000000,  0.000000,  1.000000,  0.000000,  68.548309, -0.000004,  0.000000,  1.000000], 
											"children": [
												{
													"id": "Bip001 R HorseLink", 
													"skeleton": false, 
													"transform": [ 0.337139,  0.941455, -0.000000,  0.000000, -0.941455,  0.337139, -0.000000,  0.000000, -0.000000,  0.000000,  1.000000,  0.000000,  57.532143, -0.000000, -0.000000,  1.000000], 
													"children": [
														{
															"id": "Bip001 R Foot", 
															"skeleton": false, 
															"transform": [ 0.955280, -0.272804, -0.114096,  0.000000,  0.281992,  0.956571,  0.073846,  0.000000,  0.088996, -0.102718,  0.990721,  0.000000,  49.186466, -0.000000,  0.000008,  1.000000], 
															"children": [
																{
																	"id": "Bip001 R Toe0", 
																	"skeleton": false, 
																	"transform": [ 0.000000,  1.000000,  0.000000,  0.000000, -1.000000,  0.000000,  0.000000,  0.000000,  0.000000, -0.000000,  1.000000,  0.000000,  16.149715,  30.085243,  0.000000,  1.000000]
																}
															]
														}
													]
												}
											]
										}
									]
								}
							]
						}
					]
				}, 
				{
					"id": "Bone002", 
					"skeleton": false, 
					"transform": [ 0.500307,  0.426774, -0.753364,  0.000000,  0.785499,  0.142327,  0.602274,  0.000000,  0.364259, -0.893089, -0.264023,  0.000000, -8.079926,  0.000015, -32.554062,  1.000000], 
					"children": [
						{
							"id": "Bone003", 
							"skeleton": false, 
							"transform": [ 0.990896, -0.101421,  0.088538,  0.000000,  0.102105,  0.994768, -0.003215,  0.000000, -0.087749,  0.012225,  0.996068,  0.000000,  61.535980, -0.000015, -0.000000,  1.000000], 
							"children": [
								{
									"id": "Bone004", 
									"skeleton": false, 
									"transform": [ 0.973097,  0.021850,  0.229358,  0.000000, -0.019227,  0.999722, -0.013663,  0.000000, -0.229593,  0.008886,  0.973246,  0.000000,  60.536369, -0.000046,  0.000004,  1.000000], 
									"children": [
										{
											"id": "Bone005", 
											"skeleton": false, 
											"transform": [ 0.946526, -0.000811,  0.322627,  0.000000,  0.005179,  0.999906, -0.012680,  0.000000, -0.322586,  0.013672,  0.946441,  0.000000,  68.017563, -0.000015, -0.000008,  1.000000], 
											"children": [
												{
													"id": "Bone006", 
													"skeleton": false, 
													"transform": [ 0.926783, -0.120611,  0.355705,  0.000000,  0.127695,  0.991807,  0.003589,  0.000000, -0.353223,  0.042095,  0.934591,  0.000000,  86.288788, -0.000092, -0.000000,  1.000000], 
													"children": [
														{
															"id": "Bone007", 
															"skeleton": false, 
															"transform": [ 0.935201, -0.077509,  0.345531,  0.000000,  0.074357,  0.996980,  0.022390,  0.000000, -0.346223,  0.004754,  0.938140,  0.000000,  94.313416,  0.000000, -0.000015,  1.000000], 
															"children": [
																{
																	"id": "Bone008", 
																	"skeleton": false, 
																	"transform": [ 0.997897, -0.024611, -0.059968,  0.000000,  0.026190,  0.999327,  0.025688,  0.000000,  0.059296, -0.027205,  0.997870,  0.000000,  73.354828,  0.000000, -0.000031,  1.000000]
																}
															]
														}
													]
												}
											]
										}
									]
								}
							]
						}
					]
				}
			]
		}
	], 
	"animations": [
		{
			"id": "Take 001", 
			"length":  5.333000, 
			"bones": [
				{
					"boneId": "Bip001", 
					"keyframes": [
						{
							"keytime":  0.000000, 
							"rotation": [-0.031870, -0.031870, -0.706388,  0.706388], 
							"scale": [ 1.000000,  1.000000,  1.000000], 
							"translation": [ 0.000000,  154.490250, -100.981346]
						}, 
						{
							"keytime":  0.006250, 
							"rotation": [-0.032296, -0.031957, -0.706374,  0.706379], 
							"translation": [ 0.000000,  149.462051, -98.585434]
						}, 
						{
							"keytime":  0.012501, 
							"rotation": [-0.031863, -0.031510, -0.706228,  0.706565], 
							"translation": [ 0.000000,  143.886551, -96.008202]
						}, 
						{
							"keytime":  0.018751, 
							"rotation": [-0.030667, -0.030585, -0.705961,  0.706925], 
							"translation": [ 0.000000,  137.912567, -93.210716]
						}, 
						{
							"keytime":  0.025002, 
							"rotation": [-0.028924, -0.029324, -0.705610,  0.707403], 
							"translation": [ 0.000000,  132.219910, -90.403008]
						}, 
						{
							"keytime":  0.031252, 
							"rotation": [-0.026750, -0.027796, -0.705186,  0.707972], 
							"translation": [ 0.000000,  126.959320, -87.549622]
						}, 
						{
							"keytime":  0.037502, 
							"rotation": [-0.024287, -0.026088, -0.704710,  0.708599], 
							"translation": [ 0.000000,  122.454033, -84.695374]
						}, 
						{
							"keytime":  0.043753, 
							"rotation": [-0.021597, -0.024233, -0.704188,  0.709272], 
							"translation": [ 0.000000,  118.945099, -81.801147]
						}, 
						{
							"keytime":  0.050003, 
							"rotation": [-0.018982, -0.022430, -0.703672,  0.709917], 
							"translation": [ 0.000000,  116.991112, -79.082764]
						}, 
						{
							"keytime":  0.056254, 
							"rotation": [-0.016436, -0.020666, -0.703159,  0.710542], 
							"translation": [ 0.000000,  114.291138, -76.423645]
						}, 
						{
							"keytime":  0.062504, 
							"rotation": [-0.014255, -0.019132, -0.702703,  0.711083], 
							"translation": [ 0.000000,  110.045189, -74.025696]
						}, 
						{
							"keytime":  0.068754, 
							"rotation": [-0.012501, -0.017863, -0.702317,  0.711531], 
							"translation": [ 0.000000,  106.231796, -71.853394]
						}, 
						{
							"keytime":  0.075005, 
							"rotation": [-0.011290, -0.016930, -0.702021,  0.711866], 
							"translation": [ 0.000000,  104.911911, -69.898804]
						}, 
						{
							"keytime":  0.081255, 
							"rotation": [-0.010842, -0.016471, -0.701860,  0.712042], 
							"translation": [ 0.000000,  108.227783, -68.322388]
						}, 
						{
							"keytime":  0.087505, 
							"rotation": [-0.011248, -0.016548, -0.701850,  0.712044], 
							"translation": [ 0.000000,  118.134560, -67.107307]
						}, 
						{
							"keytime":  0.093756, 
							"rotation": [-0.012715, -0.017277, -0.702022,  0.711832], 
							"translation": [ 0.000000,  137.391739, -66.280830]
						}, 
						{
							"keytime":  0.100006, 
							"rotation": [-0.015299, -0.018705, -0.702388,  0.711384], 
							"translation": [ 0.089853,  163.851501, -66.033089]
						}, 
						{
							"keytime":  0.106257, 
							"rotation": [-0.019169, -0.020933, -0.702965,  0.710657], 
							"translation": [ 0.333881,  194.981140, -66.382896]
						}, 
						{
							"keytime":  0.112507, 
							"rotation": [-0.024651, -0.024158, -0.703788,  0.709571], 
							"translation": [ 0.706177,  231.052551, -67.271011]
						}, 
						{
							"keytime":  0.118757, 
							"rotation": [-0.031566, -0.028279, -0.704809,  0.708130], 
							"translation": [ 1.146164,  269.096649, -68.551987]
						}, 
						{
							"keytime":  0.125008, 
							"rotation": [-0.040193, -0.033463, -0.706035,  0.706243], 
							"translation": [ 1.624985,  309.282440, -70.152634]
						}, 
						{
							"keytime":  0.131258, 
							"rotation": [-0.050565, -0.039731, -0.707434,  0.703848], 
							"translation": [ 2.104569,  350.775879, -71.981239]
						}, 
						{
							"keytime":  0.137509, 
							"rotation": [-0.070771, -0.052050, -0.709864,  0.698838], 
							"translation": [ 2.559101,  394.009186, -74.006378]
						}, 
						{
							"keytime":  0.143759, 
							"rotation": [-0.104189, -0.072498, -0.712999,  0.689581], 
							"translation": [ 2.923149,  435.591339, -76.015717]
						}, 
						{
							"keytime":  0.150009, 
							"rotation": [-0.146983, -0.098711, -0.715346,  0.675968], 
							"translation": [ 3.172608,  475.953186, -77.975098]
						}, 
						{
							"keytime":  0.156260, 
							"rotation": [-0.196269, -0.128917, -0.715664,  0.657788], 
							"translation": [ 3.269391,  515.377014, -79.844322]
						}, 
						{
							"keytime":  0.162510, 
							"rotation": [-0.244777, -0.158663, -0.713381,  0.637179], 
							"translation": [ 3.169110,  550.695435, -81.420204]
						}, 
						{
							"keytime":  0.168761, 
							"rotation": [-0.289795, -0.186295, -0.708852,  0.615501], 
							"translation": [ 2.838887,  582.265686, -82.668213]
						}, 
						{
							"keytime":  0.175011, 
							"rotation": [-0.328527, -0.210125, -0.703008,  0.594725], 
							"translation": [ 2.217770,  609.987671, -83.513840]
						}, 
						{
							"keytime":  0.181261, 
							"rotation": [-0.355216, -0.226641, -0.697906,  0.579123], 
							"translation": [ 1.303602,  631.382446, -83.814125]
						}, 
						{
							"keytime":  0.187512, 
							"rotation": [-0.367742, -0.234575, -0.695284,  0.571244], 
							"translation": [ 0.056482,  646.467773, -83.520493]
						}, 
						{
							"keytime":  0.193762, 
							"rotation": [-0.371923, -0.237477, -0.694497,  0.568288], 
							"translation": [-2.514446,  656.946533, -81.638443]
						}, 
						{
							"keytime":  0.200012, 
							"rotation": [-0.375675, -0.240140, -0.693776,  0.565575], 
							"translation": [-6.736362,  664.406860, -77.847206]
						}, 
						{
							"keytime":  0.206263, 
							"rotation": [-0.379250, -0.242724, -0.693072,  0.562944], 
							"translation": [-12.056717,  669.436707, -72.768822]
						}, 
						{
							"keytime":  0.212513, 
							"rotation": [-0.382749, -0.245305, -0.692365,  0.560321], 
							"translation": [-18.040800,  672.296204, -66.884369]
						}, 
						{
							"keytime":  0.218764, 
							"rotation": [-0.385970, -0.247730, -0.691700,  0.557860], 
							"translation": [-23.717361,  673.027222, -61.204945]
						}, 
						{
							"keytime":  0.225014, 
							"rotation": [-0.389109, -0.250147, -0.691040,  0.555414], 
							"translation": [-28.774620,  671.896729, -56.090534]
						}, 
						{
							"keytime":  0.231264, 
							"rotation": [-0.391986, -0.252413, -0.690423,  0.553128], 
							"translation": [-32.296204,  669.181213, -52.506550]
						}, 
						{
							"keytime":  0.237515, 
							"rotation": [-0.394697, -0.254600, -0.689833,  0.550929], 
							"translation": [-33.831856,  665.081421, -50.947922]
						}, 
						{
							"keytime":  0.243765, 
							"rotation": [-0.397320, -0.256771, -0.689255,  0.548756], 
							"translation": [-32.841393,  659.629150, -51.938732]
						}, 
						{
							"keytime":  0.250016, 
							"rotation": [-0.399703, -0.258798, -0.688723,  0.546737], 
							"translation": [-29.738739,  653.354980, -55.010178]
						}, 
						{
							"keytime":  0.256266, 
							"rotation": [-0.401927, -0.260746, -0.688223,  0.544808], 
							"translation": [-25.158846,  646.323120, -59.515369]
						}, 
						{
							"keytime":  0.262516, 
							"rotation": [-0.404056, -0.262670, -0.687741,  0.542914], 
							"translation": [-19.558670,  638.505127, -64.980553]
						}, 
						{
							"keytime":  0.268767, 
							"rotation": [-0.405966, -0.264456, -0.687308,  0.541167], 
							"translation": [-13.902849,  630.570862, -70.437080]
						}, 
						{
							"keytime":  0.275017, 
							"rotation": [-0.407724, -0.266163, -0.686910,  0.539511], 
							"translation": [-8.664602,  622.505676, -75.396759]
						}, 
						{
							"keytime":  0.281268, 
							"rotation": [-0.409380, -0.267838, -0.686538,  0.537900], 
							"translation": [-4.367920,  614.278320, -79.311043]
						}, 
						{
							"keytime":  0.287518, 
							"rotation": [-0.410838, -0.269381, -0.686214,  0.536430], 
							"translation": [-0.873929,  606.582764, -82.353073]
						}, 
						{
							"keytime":  0.293768, 
							"rotation": [-0.412151, -0.270845, -0.685928,  0.535050], 
							"translation": [ 2.750886,  599.382751, -85.472542]
						}, 
						{
							"keytime":  0.300019, 
							"rotation": [-0.413353, -0.272267, -0.685674,  0.533724], 
							"translation": [ 6.576036,  592.702148, -88.730888]
						}, 
						{
							"keytime":  0.306269, 
							"rotation": [-0.414378, -0.273565, -0.685467,  0.532530], 
							"translation": [ 10.332016,  587.143982, -91.901207]
						}, 
						{
							"keytime":  0.312520, 
							"rotation": [-0.415263, -0.274782, -0.685301,  0.531427], 
							"translation": [ 14.086187,  582.707825, -95.043961]
						}, 
						{
							"keytime":  0.318770, 
							"rotation": [-0.416032, -0.275949, -0.685172,  0.530385], 
							"translation": [ 17.905790,  579.530273, -98.216415]
						}, 
						{
							"keytime":  0.325020, 
							"rotation": [-0.416641, -0.276997, -0.685090,  0.529467], 
							"translation": [ 21.521658,  578.008057, -101.196716]
						}, 
						{
							"keytime":  0.331271, 
							"rotation": [-0.417116, -0.277963, -0.685049,  0.528639], 
							"translation": [ 25.003061,  578.240723, -104.044495]
						}, 
						{
							"keytime":  0.337521, 
							"rotation": [-0.417468, -0.278870, -0.685051,  0.527881], 
							"translation": [ 28.402847,  579.861755, -106.803139]
						}, 
						{
							"keytime":  0.343772, 
							"rotation": [-0.417678, -0.279664, -0.685095,  0.527236], 
							"translation": [ 31.476547,  582.161377, -109.275200]
						}, 
						{
							"keytime":  0.350022, 
							"rotation": [-0.417759, -0.280374, -0.685183,  0.526680], 
							"translation": [ 34.283108,  585.115723, -111.509705]
						}, 
						{
							"keytime":  0.356272, 
							"rotation": [-0.417711, -0.281016, -0.685318,  0.526200], 
							"translation": [ 36.848812,  588.785767, -113.526672]
						}, 
						{
							"keytime":  0.362523, 
							"rotation": [-0.417537, -0.281551, -0.685493,  0.525825], 
							"translation": [ 38.978260,  592.900208, -115.172218]
						}, 
						{
							"keytime":  0.368773, 
							"rotation": [-0.417239, -0.282000, -0.685711,  0.525537], 
							"translation": [ 40.707859,  597.502869, -116.475174]
						}, 
						{
							"keytime":  0.375024, 
							"rotation": [-0.416805, -0.282371, -0.685980,  0.525331], 
							"translation": [ 42.025196,  602.697510, -117.422523]
						}, 
						{
							"keytime":  0.381274, 
							"rotation": [-0.416261, -0.282641, -0.686284,  0.525219], 
							"translation": [ 42.142189,  608.122803, -117.315063]
						}, 
						{
							"keytime":  0.387524, 
							"rotation": [-0.415598, -0.282823, -0.686631,  0.525192], 
							"translation": [ 40.677563,  613.869934, -115.794899]
						}, 
						{
							"keytime":  0.393775, 
							"rotation": [-0.414792, -0.282916, -0.687033,  0.525253], 
							"translation": [ 37.915802,  620.069885, -113.112167]
						}, 
						{
							"keytime":  0.400025, 
							"rotation": [-0.413892, -0.282914, -0.687466,  0.525398], 
							"translation": [ 34.403923,  626.302002, -109.770462]
						}, 
						{
							"keytime":  0.406276, 
							"rotation": [-0.412877, -0.282821, -0.687941,  0.525625], 
							"translation": [ 30.457220,  632.690002, -106.047279]
						}, 
						{
							"keytime":  0.412526, 
							"rotation": [-0.411712, -0.282629, -0.688473,  0.525946], 
							"translation": [ 26.337776,  639.375977, -102.173477]
						}, 
						{
							"keytime":  0.418776, 
							"rotation": [-0.410467, -0.282348, -0.689031,  0.526339], 
							"translation": [ 22.672409,  645.911255, -98.722656]
						}, 
						{
							"keytime":  0.425027, 
							"rotation": [-0.409111, -0.281974, -0.689629,  0.526812], 
							"translation": [ 19.728056,  652.435913, -95.929932]
						}, 
						{
							"keytime":  0.431277, 
							"rotation": [-0.407599, -0.281488, -0.690287,  0.527382], 
							"translation": [ 16.891947,  659.088989, -93.216637]
						}, 
						{
							"keytime":  0.437527, 
							"rotation": [-0.406020, -0.280920, -0.690965,  0.528014], 
							"translation": [ 13.772385,  665.423279, -90.233292]
						}, 
						{
							"keytime":  0.443778, 
							"rotation": [-0.404334, -0.280255, -0.691681,  0.528722], 
							"translation": [ 10.635176,  671.580994, -87.238289]
						}, 
						{
							"keytime":  0.450028, 
							"rotation": [-0.402486, -0.279468, -0.692459,  0.529531], 
							"translation": [ 7.753062,  677.681946, -84.497055]
						}, 
						{
							"keytime":  0.456279, 
							"rotation": [-0.400585, -0.278604, -0.693250,  0.530392], 
							"translation": [ 5.648486,  683.311707, -82.512352]
						}, 
						{
							"keytime":  0.462529, 
							"rotation": [-0.398579, -0.277640, -0.694078,  0.531325], 
							"translation": [ 4.578879,  688.598328, -81.534645]
						}, 
						{
							"keytime":  0.468779, 
							"rotation": [-0.396405, -0.276542, -0.694967,  0.532362], 
							"translation": [ 4.927979,  693.628174, -81.937263]
						}, 
						{
							"keytime":  0.475030, 
							"rotation": [-0.394190, -0.275372, -0.695865,  0.533439], 
							"translation": [ 6.349519,  698.049255, -83.378998]
						}, 
						{
							"keytime":  0.481280, 
							"rotation": [-0.391874, -0.274100, -0.696795,  0.534585], 
							"translation": [ 8.226604,  701.961182, -85.262413]
						}, 
						{
							"keytime":  0.487530, 
							"rotation": [-0.389458, -0.272724, -0.697757,  0.535798], 
							"translation": [ 10.496243,  705.308777, -87.526642]
						}, 
						{
							"keytime":  0.493781, 
							"rotation": [-0.386864, -0.271197, -0.698781,  0.537117], 
							"translation": [ 13.178540,  708.109375, -90.193321]
						}, 
						{
							"keytime":  0.500031, 
							"rotation": [-0.384247, -0.269606, -0.699804,  0.538462], 
							"translation": [ 16.051729,  710.142456, -93.043762]
						}, 
						{
							"keytime":  0.506282, 
							"rotation": [-0.381532, -0.267909, -0.700856,  0.539870], 
							"translation": [ 19.126863,  711.445068, -96.090797]
						}, 
						{
							"keytime":  0.512532, 
							"rotation": [-0.378634, -0.266047, -0.701968,  0.541384], 
							"translation": [ 22.439657,  711.964783, -99.371315]
						}, 
						{
							"keytime":  0.518782, 
							"rotation": [-0.375724, -0.264128, -0.703073,  0.542915], 
							"translation": [ 25.731295,  711.627319, -102.630516]
						}, 
						{
							"keytime":  0.525033, 
							"rotation": [-0.372719, -0.262099, -0.704203,  0.544503], 
							"translation": [ 29.034237,  709.203186, -105.902107]
						}, 
						{
							"keytime":  0.531283, 
							"rotation": [-0.369524, -0.259892, -0.705391,  0.546198], 
							"translation": [ 32.382351,  703.518982, -109.221260]
						}, 
						{
							"keytime":  0.537533, 
							"rotation": [-0.366329, -0.257635, -0.706566,  0.547898], 
							"translation": [ 35.514767,  695.316223, -112.330971]
						}, 
						{
							"keytime":  0.543784, 
							"rotation": [-0.363042, -0.255264, -0.707761,  0.549651], 
							"translation": [ 38.467831,  684.890320, -115.268822]
						}, 
						{
							"keytime":  0.550034, 
							"rotation": [-0.359559, -0.252700, -0.709011,  0.551510], 
							"translation": [ 41.256081,  672.264404, -118.051437]
						}, 
						{
							"keytime":  0.556285, 
							"rotation": [-0.356087, -0.250094, -0.710242,  0.553364], 
							"translation": [ 43.651546,  658.604004, -120.453362]
						}, 
						{
							"keytime":  0.562535, 
							"rotation": [-0.352532, -0.247376, -0.711485,  0.555261], 
							"translation": [ 45.673416,  643.980469, -122.495682]
						}, 
						{
							"keytime":  0.568785, 
							"rotation": [-0.348341, -0.244048, -0.712934,  0.557517], 
							"translation": [ 47.562485,  628.348022, -124.413422]
						}, 
						{
							"keytime":  0.575036, 
							"rotation": [-0.343361, -0.239937, -0.714624,  0.560219], 
							"translation": [ 49.437405,  613.048523, -126.315331]
						}, 
						{
							"keytime":  0.581286, 
							"rotation": [-0.337518, -0.235001, -0.716556,  0.563386], 
							"translation": [ 51.349331,  598.046509, -128.253571]
						}, 
						{
							"keytime":  0.587536, 
							"rotation": [-0.330638, -0.229099, -0.718754,  0.567085], 
							"translation": [ 53.350304,  583.341736, -130.281113]
						}, 
						{
							"keytime":  0.593787, 
							"rotation": [-0.323169, -0.222625, -0.721042,  0.571051], 
