{
	"version": "0.7", 
	"id": "", 
	"meshes": [], 
	"materials": [], 
	"nodes": [
		{
			"id": "Bone022", 
			"skeleton": false, 
			"transform": [-0.000000,  0.999916,  0.012986,  0.000000, -0.000000,  0.012986, -0.999916,  0.000000, -1.000000, -0.000000, -0.000000,  0.000000, -0.009851,  137.624771, -97.484680,  1.000000], 
			"children": [
				{
					"id": "Bip01", 
					"skeleton": false, 
					"transform": [-0.994684, -0.102976, -0.000000,  0.000000, -0.000000,  0.000001, -1.000000,  0.000000,  0.102976, -0.994684, -0.000001,  0.000000,  13.996307,  3.678734,  0.000003,  1.000000], 
					"children": [
						{
							"id": "Bip01 Pelvis", 
							"skeleton": false, 
							"transform": [ 0.000000,  0.000000,  1.000000,  0.000000,  1.000000,  0.000001, -0.000000,  0.000000, -0.000001,  1.000000, -0.000000,  0.000000,  0.000000,  0.000000,  0.000000,  1.000000], 
							"children": [
								{
									"id": "Bip01 Spine", 
									"skeleton": false, 
									"transform": [ 0.999280,  0.037937,  0.000001,  0.000000, -0.037937,  0.999280, -0.000004,  0.000000, -0.000001,  0.000004,  1.000000,  0.000000,  47.054790, -15.087067,  0.000088,  1.000000], 
									"children": [
										{
											"id": "Bip01 Spine1", 
											"skeleton": false, 
											"transform": [ 0.998778,  0.049426,  0.000000,  0.000000, -0.049426,  0.998778, -0.000000,  0.000000, -0.000000, -0.000000,  1.000000,  0.000000,  54.034554, -0.042969, -0.000000,  1.000000], 
											"children": [
												{
													"id": "Bip01 Spine2", 
													"skeleton": false, 
													"transform": [ 0.979065,  0.203546,  0.000001,  0.000000, -0.203546,  0.979065, -0.000000,  0.000000, -0.000001, -0.000000,  1.000000,  0.000000,  54.041183, -0.042130, -0.000000,  1.000000], 
													"children": [
														{
															"id": "Bip01 Neck", 
															"skeleton": false, 
															"transform": [-0.032642, -0.999467, -0.000003,  0.000000,  0.999467, -0.032642, -0.000003,  0.000000,  0.000003, -0.000003,  1.000000,  0.000000,  44.525215, -54.715683, -0.000117,  1.000000], 
															"children": [
																{
																	"id": "Bip01 Neck1", 
																	"skeleton": false, 
																	"transform": [ 0.981082,  0.193590,  0.000001,  0.000000, -0.193590,  0.981082, -0.000000,  0.000000, -0.000001, -0.000000,  1.000000,  0.000000,  43.122330, -0.038574, -0.000000,  1.000000], 
																	"children": [
																		{
																			"id": "Bip01 Neck2", 
																			"skeleton": false, 
																			"transform": [ 0.790574,  0.612366,  0.000002,  0.000000, -0.612366,  0.790574, -0.000001,  0.000000, -0.000002, -0.000001,  1.000000,  0.000000,  49.378174, -0.024323, -0.000000,  1.000000], 
																			"children": [
																				{
																					"id": "Bip01 Neck3", 
																					"skeleton": false, 
																					"transform": [ 0.684617,  0.728903,  0.000002,  0.000000, -0.728903,  0.684617, -0.000001,  0.000000, -0.000002, -0.000001,  1.000000,  0.000000,  38.630524, -0.022415, -0.000000,  1.000000], 
																					"children": [
																						{
																							"id": "Bip01 Head", 
																							"skeleton": false, 
																							"transform": [ 0.999940,  0.010947,  0.000000,  0.000000, -0.010947,  0.999940, -0.000000,  0.000000, -0.000000, -0.000000,  1.000000,  0.000000,  56.162506,  1.415710, -0.000014,  1.000000], 
																							"children": [
																								{
																									"id": "Bone02", 
																									"skeleton": false, 
																									"transform": [ 0.799836,  0.600219,  0.000001,  0.000000,  0.600219, -0.799836, -0.000003,  0.000000, -0.000001,  0.000003, -1.000000,  0.000000,  3.976013,  38.949738, -0.000194,  1.000000]
																								}, 
																								{
																									"id": "Bone021", 
																									"skeleton": false, 
																									"transform": [ 0.947473,  0.089216, -0.307139,  0.000000,  0.093747, -0.995596, -0.000003,  0.000000, -0.305787, -0.028790, -0.951665,  0.000000,  48.980133,  36.009247,  23.181692,  1.000000]
																								}, 
																								{
																									"id": "Bone020", 
																									"skeleton": false, 
																									"transform": [ 0.973888,  0.091702,  0.207683,  0.000000,  0.093747, -0.995596, -0.000003,  0.000000,  0.206768,  0.019473, -0.978196,  0.000000,  41.414413,  36.514160, -17.445507,  1.000000]
																								}
																							]
																						}
																					]
																				}
																			]
																		}
																	]
																}, 
																{
																	"id": "Bip01 L Clavicle", 
																	"skeleton": false, 
																	"transform": [-0.200630,  0.133438,  0.970537,  0.000000,  0.979659,  0.031214,  0.198224,  0.000000, -0.003844,  0.990565, -0.136987,  0.000000, -57.089783, -38.684280,  46.786442,  1.000000], 
																	"children": [
																		{
																			"id": "Bip01 L UpperArm", 
																			"skeleton": false, 
																			"transform": [ 0.165547, -0.960632,  0.223113,  0.000000, -0.121684, -0.244402, -0.962009,  0.000000,  0.978666,  0.132109, -0.157353,  0.000000,  33.261040, -0.000015,  0.000000,  1.000000], 
																			"children": [
																				{
																					"id": "Bip01 L Forearm", 
																					"skeleton": false, 
																					"transform": [ 0.782298, -0.622904, -0.000000,  0.000000,  0.622904,  0.782298,  0.000000,  0.000000,  0.000000, -0.000000,  1.000000,  0.000000,  93.517715,  0.000008,  0.000000,  1.000000], 
																					"children": [
																						{
																							"id": "Bip01 L Hand", 
																							"skeleton": false, 
																							"transform": [ 0.693067, -0.719717,  0.040814,  0.000000, -0.719323, -0.694179, -0.026281,  0.000000,  0.047247, -0.011144, -0.998821,  0.000000,  78.938438,  0.000015, -0.000008,  1.000000], 
																							"children": [
																								{
																									"id": "Bip01 L Finger0", 
																									"skeleton": false, 
																									"transform": [ 1.000000,  0.000000, -0.000000,  0.000000, -0.000000,  1.000000, -0.000796,  0.000000,  0.000000,  0.000796,  1.000000,  0.000000,  31.172554, -0.000002, -0.000004,  1.000000]
																								}
																							]
																						}
																					]
																				}
																			]
																		}
																	]
																}, 
																{
																	"id": "Bip01 R Clavicle", 
																	"skeleton": false, 
																	"transform": [-0.023637, -0.414274, -0.909845,  0.000000,  0.998675,  0.031821, -0.040433,  0.000000,  0.045702, -0.909596,  0.412973,  0.000000, -57.089783, -38.684021, -46.786724,  1.000000], 
																	"children": [
																		{
																			"id": "Bip01 R UpperArm", 
																			"skeleton": false, 
																			"transform": [ 0.117444, -0.956319,  0.267697,  0.000000,  0.331577,  0.291855,  0.897150,  0.000000, -0.936090, -0.016603,  0.351369,  0.000000,  33.261040, -0.000000,  0.000000,  1.000000], 
																			"children": [
																				{
																					"id": "Bip01 R Forearm", 
																					"skeleton": false, 
																					"transform": [ 0.719830, -0.694151,  0.000000,  0.000000,  0.694151,  0.719830, -0.000000,  0.000000,  0.000000, -0.000000,  1.000000,  0.000000,  93.517685,  0.000000,  0.000008,  1.000000], 
																					"children": [
																						{
																							"id": "Bip01 R Hand", 
																							"skeleton": false, 
																							"transform": [ 0.468254, -0.876487,  0.111847,  0.000000, -0.883417, -0.466930,  0.039389,  0.000000,  0.017701, -0.117252, -0.992944,  0.000000,  78.938431, -0.000006, -0.000008,  1.000000], 
																							"children": [
																								{
																									"id": "Bip01 R Finger0", 
																									"skeleton": false, 
																									"transform": [ 0.990404, -0.000110,  0.138204,  0.000000,  0.012696,  0.995844, -0.090187,  0.000000, -0.137619,  0.091076,  0.986289,  0.000000,  31.172565, -0.000000, -0.000015,  1.000000]
																								}
																							]
																						}
																					]
																				}
																			]
																		}
																	]
																}
															]
														}, 
														{
															"id": "Bone06", 
															"skeleton": false, 
															"transform": [-0.305255, -0.638320, -0.706659,  0.000000, -0.902357,  0.430988,  0.000482,  0.000000,  0.304253,  0.637806, -0.707554,  0.000000, -25.450909, -30.665863, -45.444706,  1.000000], 
															"children": [
																{
																	"id": "Bone07", 
																	"skeleton": false, 
																	"transform": [ 0.991308,  0.046334,  0.123131,  0.000000, -0.081644,  0.950565,  0.299602,  0.000000, -0.103162, -0.307051,  0.946085,  0.000000,  48.131866,  0.000023,  0.000015,  1.000000], 
																	"children": [
																		{
																			"id": "Bone08", 
																			"skeleton": false, 
																			"transform": [ 0.761780, -0.601494,  0.240615,  0.000000,  0.594937,  0.796533,  0.107637,  0.000000, -0.256401,  0.061155,  0.964634,  0.000000,  68.047745, -0.379761,  0.852287,  1.000000], 
																			"children": [
																				{
																					"id": "Bone018", 
																					"skeleton": false, 
																					"transform": [ 0.899894, -0.281268,  0.333285,  0.000000,  0.363261,  0.906310, -0.215973,  0.000000, -0.241313,  0.315422,  0.917757,  0.000000,  137.842865, -0.000031,  0.000031,  1.000000], 
																					"children": [
																						{
																							"id": "Bone019", 
																							"skeleton": false, 
																							"transform": [ 0.962978,  0.057162, -0.263450,  0.000000, -0.063683,  0.997838, -0.016273,  0.000000,  0.261950,  0.032448,  0.964536,  0.000000,  100.509583,  8.308838, -7.753265,  1.000000]
																						}, 
																						{
																							"id": "Bone09", 
																							"skeleton": false, 
																							"transform": [ 0.015169,  0.995090,  0.097800,  0.000000, -0.436947, -0.081380,  0.895797,  0.000000,  0.899360, -0.056322,  0.433568,  0.000000,  107.258362,  2.330505, -4.477325,  1.000000]
																						}, 
																						{
																							"id": "Bone10", 
																							"skeleton": false, 
																							"transform": [-0.590898,  0.797146,  0.124083,  0.000000, -0.805006, -0.592707, -0.025817,  0.000000,  0.052965, -0.115143,  0.991936,  0.000000,  96.214020,  9.335175,  1.663208,  1.000000]
																						}
																					]
																				}
																			]
																		}, 
																		{
																			"id": "Bone11", 
																			"skeleton": false, 
																			"transform": [ 0.275123,  0.948995, -0.154002,  0.000000, -0.936428,  0.300792,  0.180625,  0.000000,  0.217734,  0.094518,  0.971420,  0.000000,  61.606064,  2.075714, -6.469391,  1.000000]
																		}
																	]
																}
															]
														}, 
														{
															"id": "Bone06_mirror01", 
															"skeleton": false, 
															"transform": [-0.599228, -0.628867,  0.495431,  0.000000, -0.550803,  0.772943,  0.314921,  0.000000, -0.580984, -0.084175, -0.809550,  0.000000, -13.525532, -24.705734,  49.913979,  1.000000], 
															"children": [
																{
																	"id": "Bone07_mirror01", 
																	"skeleton": false, 
																	"transform": [ 0.859890, -0.070020, -0.505655,  0.000000,  0.033011,  0.996102, -0.081797,  0.000000,  0.509411,  0.053645,  0.858850,  0.000000,  36.953842, -0.000031, -0.000004,  1.000000], 
																	"children": [
																		{
																			"id": "Bone08_mirror01", 
																			"skeleton": false, 
																			"transform": [ 0.904764, -0.386398, -0.179161,  0.000000,  0.421285,  0.873745,  0.243081,  0.000000,  0.062615, -0.295409,  0.953317,  0.000000,  80.622925,  0.000031, -0.000084,  1.000000], 
																			"children": [
																				{
																					"id": "Bone017", 
																					"skeleton": false, 
																					"transform": [ 0.954214, -0.240257, -0.178191,  0.000000,  0.287109,  0.902782,  0.320241,  0.000000,  0.083927, -0.356738,  0.930427,  0.000000,  139.075592, -0.000019,  0.000046,  1.000000], 
																					"children": [
																						{
																							"id": "Bone09_mirror01", 
																							"skeleton": false, 
																							"transform": [ 0.408570,  0.864455, -0.292897,  0.000000, -0.270745, -0.191674, -0.943376,  0.000000, -0.871646,  0.464735,  0.155735,  0.000000,  108.726471, -0.267029, -0.761932,  1.000000]
																						}
																					]
																				}, 
																				{
																					"id": "Bone10_mirror01", 
																					"skeleton": false, 
																					"transform": [-0.248322,  0.964313,  0.091853,  0.000000, -0.958353, -0.258376,  0.121661,  0.000000,  0.141052, -0.057816,  0.988313,  0.000000,  139.075562, -0.000019,  0.000015,  1.000000]
																				}
																			]
																		}, 
																		{
																			"id": "Bone11_mirror01", 
																			"skeleton": false, 
																			"transform": [ 0.041887,  0.964601,  0.260366,  0.000000, -0.997114,  0.056873, -0.050289,  0.000000, -0.063317, -0.257508,  0.964199,  0.000000,  80.622955, -0.000031, -0.000061,  1.000000]
																		}
																	]
																}
															]
														}
													]
												}
											]
										}
									]
								}, 
								{
									"id": "Bip01 L Thigh", 
									"skeleton": false, 
									"transform": [-0.540766,  0.825373,  0.162270,  0.000000,  0.799900,  0.444888,  0.402783,  0.000000,  0.260255,  0.347612, -0.900796,  0.000000, -0.000092,  0.000107,  69.917809,  1.000000], 
									"children": [
										{
											"id": "Bip01 L Calf", 
											"skeleton": false, 
											"transform": [ 0.888053, -0.459741,  0.000000,  0.000000,  0.459741,  0.888053, -0.000000,  0.000000,  0.000000, -0.000000,  1.000000,  0.000000,  63.770798, -0.000015,  0.000000,  1.000000], 
											"children": [
												{
													"id": "Bip01 L HorseLink", 
													"skeleton": false, 
													"transform": [ 0.544673,  0.838648,  0.000000,  0.000000, -0.838648,  0.544673,  0.000000,  0.000000, -0.000000, -0.000000,  1.000000,  0.000000,  59.845310,  0.000015,  0.000000,  1.000000], 
													"children": [
														{
															"id": "Bip01 L Foot", 
															"skeleton": false, 
															"transform": [ 0.940333, -0.105125,  0.323608,  0.000000,  0.080005,  0.992722,  0.090013,  0.000000, -0.330716, -0.058752,  0.941900,  0.000000,  39.802124, -0.000000, -0.000015,  1.000000], 
															"children": [
																{
																	"id": "Bip01 L Toe0", 
																	"skeleton": false, 
																	"transform": [ 0.000000,  1.000000,  0.000000,  0.000000, -1.000000,  0.000000, -0.000000,  0.000000, -0.000000, -0.000000,  1.000000,  0.000000,  22.886223,  29.453590,  0.000000,  1.000000]
																}
															]
														}
													]
												}
											]
										}
									]
								}, 
								{
									"id": "Bip01 R Thigh", 
									"skeleton": false, 
									"transform": [ 0.466728,  0.858015, -0.214419,  0.000000,  0.860877, -0.496306, -0.112125,  0.000000, -0.202622, -0.132256, -0.970285,  0.000000,  0.000107, -0.000092, -69.917809,  1.000000], 
									"children": [
										{
											"id": "Bip01 R Calf", 
											"skeleton": false, 
											"transform": [ 0.106601, -0.994302, -0.000000,  0.000000,  0.994302,  0.106601,  0.000000,  0.000000,  0.000000,  0.000000,  1.000000,  0.000000,  63.770790,  0.000011, -0.000008,  1.000000], 
											"children": [
												{
													"id": "Bip01 R HorseLink", 
													"skeleton": false, 
													"transform": [ 0.424985,  0.905200,  0.000000,  0.000000, -0.905200,  0.424985, -0.000000,  0.000000, -0.000000, -0.000000,  1.000000,  0.000000,  59.845303, -0.000008, -0.000000,  1.000000], 
													"children": [
														{
															"id": "Bip01 R Foot", 
															"skeleton": false, 
															"transform": [ 0.955259, -0.272881, -0.114091,  0.000000,  0.282039,  0.956583,  0.073503,  0.000000,  0.089079, -0.102393,  0.990747,  0.000000,  39.802120,  0.000000, -0.000000,  1.000000], 
															"children": [
																{
																	"id": "Bip01 R Toe0", 
																	"skeleton": false, 
																	"transform": [ 0.000000,  1.000000,  0.000000,  0.000000, -1.000000,  0.000000, -0.000000,  0.000000, -0.000000, -0.000000,  1.000000,  0.000000,  22.886219,  29.453587,  0.000008,  1.000000]
																}
															]
														}
													]
												}
											]
										}
									]
								}, 
								{
									"id": "Bone12", 
									"skeleton": false, 
									"transform": [-0.831671,  0.393113,  0.392156,  0.000000,  0.427343,  0.904090, -0.000002,  0.000000, -0.354545,  0.167583, -0.919899,  0.000000, -40.313217, -8.624008,  0.000002,  1.000000], 
									"children": [
										{
											"id": "Bone13", 
											"skeleton": false, 
											"transform": [ 0.974360, -0.107054,  0.197895,  0.000000,  0.108808,  0.994061,  0.002024,  0.000000, -0.196937,  0.019561,  0.980221,  0.000000,  69.856560, -0.000000,  0.000004,  1.000000], 
											"children": [
												{
													"id": "Bone14", 
													"skeleton": false, 
													"transform": [ 0.948566, -0.108898,  0.297259,  0.000000,  0.112066,  0.993680,  0.006416,  0.000000, -0.296079,  0.027227,  0.954775,  0.000000,  72.856201, -0.000015,  0.000006,  1.000000], 
													"children": [
														{
															"id": "Bone15", 
															"skeleton": false, 
															"transform": [ 0.890133, -0.295917,  0.346550,  0.000000,  0.296133,  0.953638,  0.053670,  0.000000, -0.346365,  0.054851,  0.936495,  0.000000,  99.160538,  0.000031,  0.000008,  1.000000], 
															"children": [
																{
																	"id": "Bone16", 
																	"skeleton": false, 
																	"transform": [ 0.983060,  0.171349, -0.065060,  0.000000, -0.169058,  0.984824,  0.039259,  0.000000,  0.070799, -0.027595,  0.997109,  0.000000,  94.047607,  0.000015,  0.000015,  1.000000]
																}
															]
														}
													]
												}
											]
										}
									]
								}
							]
						}
					]
				}
			]
		}
	], 
	"animations": [
		{
			"id": "Take 001", 
			"length":  2.000000, 
			"bones": [
				{
					"boneId": "Bone022", 
					"keyframes": [
						{
							"keytime":  0.000000, 
							"rotation": [-0.496743, -0.503236,  0.496743,  0.503236], 
							"scale": [ 1.000000,  1.000000,  1.000000], 
							"translation": [-0.009851,  137.624771, -97.484680]
						}, 
						{
							"keytime":  1.000000, 
							"rotation": [-0.496743, -0.503236,  0.496743,  0.503236], 
							"scale": [ 1.000000,  1.000000,  1.000000], 
							"translation": [-0.009851,  137.624771, -97.484680]
						}
					]
				}, 
				{
					"boneId": "Bip01", 
					"keyframes": [
						{
							"keytime":  0.000000, 
							"rotation": [-0.036456,  0.706167, -0.706166,  0.036456], 
							"scale": [ 1.000000,  1.000000,  1.000000], 
							"translation": [ 13.996307,  3.678734,  0.000003]
						}, 
						{
							"keytime":  0.016667, 
							"rotation": [-0.036479,  0.706602, -0.705730,  0.036434], 
							"translation": [ 14.223485,  3.552207,  0.205818]
						}, 
						{
							"keytime":  0.033333, 
							"rotation": [-0.036504,  0.707090, -0.705242,  0.036408], 
							"translation": [ 14.529939,  3.403891,  0.453648]
						}, 
						{
							"keytime":  0.050000, 
							"rotation": [-0.036532,  0.707634, -0.704696,  0.036380], 
							"translation": [ 14.612137,  3.232552,  0.695557]
						}, 
						{
							"keytime":  0.066667, 
							"rotation": [-0.036561,  0.708191, -0.704136,  0.036351], 
							"translation": [ 14.207468,  3.052335,  0.870930]
						}, 
						{
							"keytime":  0.083333, 
							"rotation": [-0.036590,  0.708766, -0.703557,  0.036321], 
							"translation": [ 13.571544,  2.861550,  1.033309]
						}, 
						{
							"keytime":  0.100000, 
							"rotation": [-0.036620,  0.709347, -0.702972,  0.036291], 
							"translation": [ 12.822845,  2.662714,  1.197858]
						}, 
						{
							"keytime":  0.116667, 
							"rotation": [-0.036651,  0.709939, -0.702373,  0.036260], 
							"translation": [ 11.966578,  2.452078,  1.367592]
						}, 
						{
							"keytime":  0.133333, 
							"rotation": [-0.036680,  0.710498, -0.701808,  0.036231], 
							"translation": [ 11.084295,  2.244562,  1.530446]
						}, 
						{
							"keytime":  0.150000, 
							"rotation": [-0.036708,  0.711043, -0.701256,  0.036203], 
							"translation": [ 10.155518,  2.030289,  1.694089]
						}, 
						{
							"keytime":  0.166667, 
							"rotation": [-0.036733,  0.711533, -0.700759,  0.036177], 
							"translation": [ 9.266119,  1.824413,  1.846817]
						}, 
						{
							"keytime":  0.183333, 
							"rotation": [-0.036756,  0.711971, -0.700313,  0.036154], 
							"translation": [ 8.419739,  1.623119,  1.991462]
						}, 
						{
							"keytime":  0.200000, 
							"rotation": [-0.036776,  0.712359, -0.699919,  0.036134], 
							"translation": [ 7.625214,  1.423180,  2.129864]
						}, 
						{
							"keytime":  0.216667, 
							"rotation": [-0.036791,  0.712660, -0.699612,  0.036118], 
							"translation": [ 6.960504,  1.238875,  2.251805]
						}, 
						{
							"keytime":  0.233333, 
							"rotation": [-0.036803,  0.712877, -0.699391,  0.036106], 
							"translation": [ 6.431774,  1.066765,  2.359468]
						}, 
						{
							"keytime":  0.250000, 
							"rotation": [-0.036809,  0.713001, -0.699265,  0.036100], 
							"translation": [ 6.061813,  0.904793,  2.453287]
						}, 
						{
							"keytime":  0.266667, 
							"rotation": [-0.036810,  0.713020, -0.699245,  0.036099], 
							"translation": [ 5.898474,  0.763036,  2.526978]
						}, 
						{
							"keytime":  0.283333, 
							"rotation": [-0.036809,  0.713009, -0.699257,  0.036099], 
							"translation": [ 5.892875,  0.619662,  2.594474]
						}, 
						{
							"keytime":  0.300000, 
							"rotation": [-0.036808,  0.712982, -0.699284,  0.036101], 
							"translation": [ 6.022537,  0.468246,  2.659569]
						}, 
						{
							"keytime":  0.316667, 
							"rotation": [-0.036806,  0.712944, -0.699323,  0.036103], 
							"translation": [ 6.260527,  0.320482,  2.717360]
						}, 
						{
							"keytime":  0.333333, 
							"rotation": [-0.036803,  0.712894, -0.699374,  0.036105], 
							"translation": [ 6.589902,  0.174762,  2.768754]
						}, 
						{
							"keytime":  0.350000, 
							"rotation": [-0.036800,  0.712832, -0.699437,  0.036109], 
							"translation": [ 6.991785,  0.033868,  2.812681]
						}, 
						{
							"keytime":  0.366667, 
							"rotation": [-0.036796,  0.712756, -0.699515,  0.036113], 
							"translation": [ 7.461671, -0.103279,  2.848990]
						}, 
						{
							"keytime":  0.383333, 
							"rotation": [-0.036792,  0.712672, -0.699600,  0.036117], 
							"translation": [ 7.952779, -0.225803,  2.874457]
						}, 
						{
							"keytime":  0.400000, 
							"rotation": [-0.036787,  0.712577, -0.699697,  0.036122], 
							"translation": [ 8.459219, -0.335051,  2.889207]
						}, 
						{
							"keytime":  0.416667, 
							"rotation": [-0.036781,  0.712469, -0.699807,  0.036128], 
							"translation": [ 8.977111, -0.430801,  2.892059]
						}, 
						{
							"keytime":  0.433333, 
							"rotation": [-0.036776,  0.712355, -0.699923,  0.036134], 
							"translation": [ 9.456773, -0.504555,  2.881756]
						}, 
						{
							"keytime":  0.450000, 
							"rotation": [-0.036769,  0.712232, -0.700048,  0.036140], 
							"translation": [ 9.894654, -0.556597,  2.857488]
						}, 
						{
							"keytime":  0.466667, 
							"rotation": [-0.036762,  0.712097, -0.700186,  0.036147], 
							"translation": [ 10.282082, -0.584571,  2.816743]
						}, 
						{
							"keytime":  0.483333, 
							"rotation": [-0.036755,  0.711957, -0.700328,  0.036155], 
							"translation": [ 10.577134, -0.583994,  2.760827]
						}, 
						{
							"keytime":  0.500000, 
							"rotation": [-0.036747,  0.711810, -0.700477,  0.036162], 
							"translation": [ 10.772722, -0.553211,  2.687729]
						}, 
						{
							"keytime":  0.516667, 
							"translation": [ 10.889408, -0.490189,  2.591158]
						}, 
						{
							"keytime":  0.533333, 
							"rotation": [-0.036731,  0.711490, -0.700802,  0.036179], 
							"translation": [ 10.955694, -0.402497,  2.475984]
						}, 
						{
							"keytime":  0.550000, 
							"rotation": [-0.036722,  0.711323, -0.700972,  0.036188], 
							"translation": [ 10.981836, -0.291237,  2.342147]
						}, 
						{
							"keytime":  0.566667, 
							"translation": [ 10.972654, -0.154642,  2.187351]
						}, 
						{
							"keytime":  0.583333, 
							"rotation": [-0.036704,  0.710967, -0.701332,  0.036206], 
							"translation": [ 10.934379, -0.003328,  2.023211]
						}, 
						{
							"keytime":  0.600000, 
							"translation": [ 10.870697,  0.169182,  1.842437]
						}, 
						{
							"keytime":  0.616667, 
							"rotation": [-0.036685,  0.710592, -0.701713,  0.036226], 
							"translation": [ 10.790997,  0.350183,  1.658170]
						}, 
						{
							"keytime":  0.633333, 
							"rotation": [-0.036675,  0.710402, -0.701906,  0.036236], 
							"translation": [ 10.699366,  0.541969,  1.467730]
						}, 
						{
							"keytime":  0.650000, 
							"rotation": [-0.036664,  0.710202, -0.702108,  0.036246], 
							"translation": [ 10.598389,  0.748184,  1.267684]
						}, 
						{
							"keytime":  0.666667, 
							"rotation": [-0.036654,  0.710005, -0.702307,  0.036257], 
							"translation": [ 10.499630,  0.954126,  1.072303]
						}, 
						{
							"keytime":  0.683333, 
							"rotation": [-0.036644,  0.709805, -0.702508,  0.036267], 
							"translation": [ 10.405840,  1.163219,  0.878231]
						}, 
						{
							"keytime":  0.700000, 
							"rotation": [-0.036633,  0.709598, -0.702718,  0.036278], 
							"translation": [ 10.320312,  1.379272,  0.682264]
						}, 
						{
							"keytime":  0.716667, 
							"translation": [ 10.253750,  1.586998,  0.498439]
						}, 
						{
							"keytime":  0.733333, 
							"rotation": [-0.036612,  0.709192, -0.703128,  0.036299], 
							"translation": [ 10.208981,  1.790239,  0.323400]
						}, 
						{
							"keytime":  0.750000, 
							"rotation": [-0.036601,  0.708982, -0.703339,  0.036310], 
							"translation": [ 10.191650,  1.992264,  0.154869]
						}, 
						{
							"keytime":  0.766667, 
							"translation": [ 10.208429,  2.178612,  0.005263]
						}, 
						{
							"keytime":  0.783334, 
							"rotation": [-0.036580,  0.708575, -0.703750,  0.036331], 
							"translation": [ 10.264593,  2.353248, -0.128047]
						}, 
						{
							"keytime":  0.800000, 
							"rotation": [-0.036570,  0.708366, -0.703960,  0.036342], 
							"translation": [ 10.396454,  2.538795, -0.245627]
						}, 
						{
							"keytime":  0.816667, 
							"rotation": [-0.036559,  0.708165, -0.704162,  0.036353], 
							"translation": [ 10.597851,  2.728789, -0.340664]
						}, 
						{
							"keytime":  0.833334, 
							"rotation": [-0.036549,  0.707966, -0.704362,  0.036363], 
							"translation": [ 10.855904,  2.922655, -0.417833]
						}, 
						{
							"keytime":  0.850000, 
							"rotation": [-0.036539,  0.707764, -0.704566,  0.036373], 
							"translation": [ 11.164505,  3.120239, -0.479638]
						}, 
						{
							"keytime":  0.866667, 
							"rotation": [-0.036529,  0.707570, -0.704760,  0.036383], 
							"translation": [ 11.489663,  3.303940, -0.523384]
						}, 
						{
							"keytime":  0.883334, 
							"translation": [ 11.824191,  3.473747, -0.552072]
						}, 
						{
							"keytime":  0.900000, 
							"rotation": [-0.036509,  0.707187, -0.705144,  0.036403], 
							"translation": [ 12.162155,  3.627899, -0.566865]
						}, 
						{
							"keytime":  0.916667, 
							"rotation": [-0.036499,  0.707005, -0.705326,  0.036413], 
							"translation": [ 12.467661,  3.751487, -0.567959]
						}, 
						{
							"keytime":  0.933334, 
							"translation": [ 12.761285,  3.824787, -0.531983]
						}, 
						{
							"keytime":  0.950000, 
							"rotation": [-0.036481,  0.706651, -0.705682,  0.036431], 
							"translation": [ 13.089066,  3.822578, -0.421437]
						}, 
						{
							"keytime":  0.966667, 
							"rotation": [-0.036472,  0.706485, -0.705848,  0.036440], 
							"translation": [ 13.412331,  3.775717, -0.274945]
						}, 
						{
							"keytime":  0.983334, 
							"rotation": [-0.036464,  0.706325, -0.706008,  0.036448], 
							"translation": [ 13.719339,  3.717223, -0.124110]
						}, 
						{
							"keytime":  1.000000, 
							"rotation": [-0.036456,  0.706167, -0.706166,  0.036456], 
							"scale": [ 1.000000,  1.000000,  1.000000], 
							"translation": [ 13.996307,  3.678734,  0.000003]
						}
					]
				}, 
				{
					"boneId": "Bip01 Pelvis", 
					"keyframes": [
						{
							"keytime":  0.000000, 
							"rotation": [-0.500000, -0.500000, -0.500000,  0.500000], 
							"scale": [ 1.000000,  1.000000,  1.000000], 
							"translation": [ 0.000000,  0.000000,  0.000000]
						}, 
						{
							"keytime":  1.000000, 
							"rotation": [-0.500000, -0.500000, -0.500000,  0.500000], 
							"scale": [ 1.000000,  1.000000,  1.000000], 
							"translation": [ 0.000000,  0.000000,  0.000000]
						}
					]
				}, 
				{
					"boneId": "Bip01 Spine", 
					"keyframes": [
						{
							"keytime":  0.000000, 
							"rotation": [-0.000002, -0.000001,  0.018972,  0.999820], 
							"scale": [ 1.000000,  1.000000,  1.000000], 
							"translation": [ 47.054790, -15.087067,  0.000088]
						}, 
						{
							"keytime":  0.016667, 
							"rotation": [ 0.000116,  0.000861,  0.017514,  0.999846], 
							"translation": [ 47.054668, -15.087051,  0.000077]
						}, 
						{
							"keytime":  0.033333, 
							"rotation": [ 0.000257,  0.001897,  0.015858,  0.999872], 
							"translation": [ 47.054531, -15.087082,  0.000063]
						}, 
						{
							"keytime":  0.050000, 
							"rotation": [ 0.000419,  0.003095,  0.014000,  0.999897], 
							"translation": [ 47.054356, -15.087082,  0.000048]
						}, 
						{
							"keytime":  0.066667, 
							"rotation": [ 0.000587,  0.004337,  0.012102,  0.999917], 
							"translation": [ 47.054199, -15.087067,  0.000033]
						}, 
						{
							"keytime":  0.083333, 
							"rotation": [ 0.000760,  0.005609,  0.010164,  0.999932], 
							"translation": [ 47.054028, -15.087067,  0.000018]
						}, 
						{
							"keytime":  0.100000, 
							"rotation": [ 0.000930,  0.006864,  0.008238,  0.999942], 
							"translation": [ 47.053864, -15.087082,  0.000003]
						}, 
						{
							"keytime":  0.116667, 
							"rotation": [ 0.001096,  0.008088,  0.006322,  0.999947], 
							"translation": [ 47.053680, -15.087082, -0.000011]
						}, 
						{
							"keytime":  0.133333, 
							"rotation": [ 0.001242,  0.009161,  0.004582,  0.999947], 
							"translation": [ 47.053555, -15.087112, -0.000022]
						}, 
						{
							"keytime":  0.150000, 
							"rotation": [ 0.001370,  0.010098,  0.002969,  0.999944], 
							"translation": [ 47.053413, -15.087097, -0.000032]
						}, 
						{
							"keytime":  0.166667, 
							"rotation": [ 0.001467,  0.010795,  0.001630,  0.999939], 
							"translation": [ 47.053291, -15.087097, -0.000039]
						}, 
						{
							"keytime":  0.183333, 
							"rotation": [ 0.001529,  0.011234,  0.000568,  0.999936], 
							"translation": [ 47.053204, -15.087082, -0.000044]
						}, 
						{
							"keytime":  0.200000, 
							"rotation": [ 0.001552,  0.011368, -0.000180,  0.999934], 
							"translation": [ 47.053143, -15.087082, -0.000045]
						}, 
						{
							"keytime":  0.216667, 
							"rotation": [ 0.001526,  0.011139, -0.000518,  0.999937], 
							"translation": [ 47.053112, -15.087097, -0.000043]
						}, 
						{
							"keytime":  0.233333, 
							"rotation": [ 0.001456,  0.010576, -0.000521,  0.999943], 
							"translation": [ 47.053108, -15.087097, -0.000037]
						}, 
						{
							"keytime":  0.250000, 
							"rotation": [ 0.001358,  0.009785, -0.000372,  0.999951], 
							"translation": [ 47.053108, -15.087097, -0.000028]
						}, 
						{
							"keytime":  0.266667, 
							"rotation": [ 0.001239,  0.008836, -0.000097,  0.999960], 
							"translation": [ 47.053146, -15.087097, -0.000019]
						}, 
						{
							"keytime":  0.283333, 
							"rotation": [ 0.001099,  0.007727,  0.000297,  0.999969], 
							"translation": [ 47.053173, -15.087097, -0.000007]
						}, 
						{
							"keytime":  0.300000, 
							"rotation": [ 0.000937,  0.006439,  0.000819,  0.999978]
						}, 
						{
							"keytime":  0.316667, 
							"rotation": [ 0.000763,  0.005065,  0.001429,  0.999986], 
							"translation": [ 47.053268, -15.087097,  0.000022]
						}, 
						{
							"keytime":  0.333333, 
							"rotation": [ 0.000576,  0.003589,  0.002131,  0.999991], 
							"translation": [ 47.053345, -15.087112,  0.000038]
						}, 
						{
							"keytime":  0.350000, 
							"rotation": [ 0.000378,  0.002030,  0.002917,  0.999994], 
							"translation": [ 47.053406, -15.087082,  0.000055]
						}, 
						{
							"keytime":  0.366667, 
							"rotation": [ 0.000165,  0.000358,  0.003805,  0.999993], 
							"translation": [ 47.053474, -15.087097,  0.000073]
						}, 
						{
							"keytime":  0.383333, 
							"rotation": [-0.000047, -0.001311,  0.004733,  0.999988], 
							"translation": [ 47.053570, -15.087082,  0.000092]
						}, 
						{
							"keytime":  0.400000, 
							"rotation": [-0.000264, -0.003004,  0.005719,  0.999979], 
							"translation": [ 47.053646, -15.087097,  0.000112]
						}, 
						{
							"keytime":  0.416667, 
							"rotation": [-0.000488, -0.004756,  0.006784,  0.999966], 
							"translation": [ 47.053741, -15.087112,  0.000132]
						}, 
						{
							"keytime":  0.433333, 
							"rotation": [-0.000704, -0.006442,  0.007857,  0.999948], 
							"translation": [ 47.053848, -15.087082,  0.000152]
						}, 
						{
							"keytime":  0.450000, 
							"rotation": [-0.000917, -0.008097,  0.008961,  0.999927], 
							"translation": [ 47.053928, -15.087067,  0.000172]
						}, 
						{
							"keytime":  0.466667, 
							"rotation": [-0.001130, -0.009747,  0.010119,  0.999901], 
							"translation": [ 47.054024, -15.087067,  0.000193]
						}, 
						{
							"keytime":  0.483333, 
							"rotation": [-0.001329, -0.011277,  0.011256,  0.999872], 
							"translation": [ 47.054131, -15.087067,  0.000212]
						}, 
						{
							"keytime":  0.500000, 
							"rotation": [-0.001516, -0.012718,  0.012395,  0.999841], 
							"translation": [ 47.054226, -15.087082,  0.000231]
						}, 
						{
							"keytime":  0.516667, 
							"rotation": [-0.001696, -0.014088,  0.013563,  0.999807], 
							"translation": [ 47.054310, -15.087097,  0.000250]
						}, 
						{
							"keytime":  0.533333, 
							"rotation": [-0.001855, -0.015287,  0.014681,  0.999774], 
							"translation": [ 47.054420, -15.087097,  0.000266]
						}, 
						{
							"keytime":  0.550000, 
							"rotation": [-0.001995, -0.016339,  0.015775,  0.999740], 
							"translation": [ 47.054504, -15.087082,  0.000281]
						}, 
						{
							"keytime":  0.566667, 
							"rotation": [-0.002119, -0.017249,  0.016868,  0.999707], 
							"translation": [ 47.054604, -15.087067,  0.000294]
						}, 
						{
							"keytime":  0.583333, 
							"rotation": [-0.002216, -0.017942,  0.017890,  0.999677], 
							"translation": [ 47.054684, -15.087067,  0.000305]
						}, 
						{
							"keytime":  0.600000, 
							"rotation": [-0.002285, -0.018380,  0.019101,  0.999646], 
							"translation": [ 47.054798, -15.087067,  0.000314]
						}, 
						{
							"keytime":  0.616667, 
							"rotation": [-0.002322, -0.018531,  0.020484,  0.999616], 
							"translation": [ 47.054909, -15.087051,  0.000320]
						}, 
						{
							"keytime":  0.633333, 
							"rotation": [-0.002332, -0.018441,  0.022022,  0.999585], 
							"translation": [ 47.055042, -15.087051,  0.000323]
						}, 
						{
							"keytime":  0.650000, 
							"rotation": [-0.002318, -0.018132,  0.023713,  0.999552], 
							"translation": [ 47.055195, -15.087067,  0.000323]
						}, 
						{
							"keytime":  0.666667, 
							"rotation": [-0.002283, -0.017652,  0.025408,  0.999519], 
							"translation": [ 47.055325, -15.087021,  0.000322]
						}, 
						{
							"keytime":  0.683333, 
							"rotation": [-0.002231, -0.017028,  0.027103,  0.999485], 
							"translation": [ 47.055481, -15.087021,  0.000319]
						}, 
						{
							"keytime":  0.700000, 
							"rotation": [-0.002163, -0.016267,  0.028796,  0.999451], 
							"translation": [ 47.055626, -15.087006,  0.000314]
						}, 
						{
							"keytime":  0.716667, 
							"rotation": [-0.002085, -0.015445,  0.030336,  0.999418], 
							"translation": [ 47.055763, -15.087021,  0.000307]
						}, 
						{
							"keytime":  0.733333, 
							"rotation": [-0.001998, -0.014574,  0.031724,  0.999388], 
							"translation": [ 47.055882, -15.087006,  0.000299]
						}, 
						{
							"keytime":  0.750000, 
							"rotation": [-0.001904, -0.013658,  0.032940,  0.999362], 
							"translation": [ 47.055984, -15.087006,  0.000289]
						}, 
						{
							"keytime":  0.766667, 
							"rotation": [-0.001810, -0.012783,  0.033861,  0.999343], 
							"translation": [ 47.056053, -15.086990,  0.000280]
						}, 
						{
							"keytime":  0.783334, 
							"rotation": [-0.001716, -0.011953,  0.034475,  0.999333], 
							"translation": [ 47.056110, -15.086990,  0.000271]
						}, 
						{
							"keytime":  0.800000, 
							"rotation": [-0.001624, -0.011179,  0.034735,  0.999333], 
							"translation": [ 47.056133, -15.086960,  0.000261]
						}, 
						{
							"keytime":  0.816667, 
