{
	"version": "0.7", 
	"id": "", 
	"meshes": [], 
	"materials": [], 
	"nodes": [
		{
			"id": "Bip001", 
			"skeleton": false, 
			"transform": [ 0.026707, -0.979987,  0.197260,  0.000000,  0.999536,  0.023284, -0.019653,  0.000000,  0.014667,  0.197694,  0.980154,  0.000000,  2.146683,  26.655066, -1.158801,  1.000000], 
			"children": [
				{
					"id": "Bip001 Pelvis", 
					"skeleton": false, 
					"transform": [-0.000000,  0.134377,  0.990930,  0.000000,  1.000000,  0.000001, -0.000000,  0.000000, -0.000001,  0.990930, -0.134377,  0.000000,  0.000000,  0.000000,  0.000000,  1.000000], 
					"children": [
						{
							"id": "Bip001 Spine", 
							"skeleton": false, 
							"transform": [ 0.980144,  0.105220, -0.168070,  0.000000, -0.104684,  0.994432,  0.012070,  0.000000,  0.168404,  0.005764,  0.985701,  0.000000,  18.211424,  1.627918, -2.469580,  1.000000], 
							"children": [
								{
									"id": "Bip001 Spine1", 
									"skeleton": false, 
									"transform": [ 0.982303, -0.156571, -0.102794,  0.000000,  0.155441,  0.987663, -0.018967,  0.000000,  0.104495,  0.002653,  0.994522,  0.000000,  16.594805, -0.010504,  0.000202,  1.000000], 
									"children": [
										{
											"id": "Bip001 Neck", 
											"skeleton": false, 
											"transform": [ 0.756294,  0.645694,  0.105350,  0.000000, -0.641372,  0.763523, -0.075329,  0.000000, -0.129077, -0.010598,  0.991578,  0.000000,  13.358353, -0.003439,  0.000339,  1.000000], 
											"children": [
												{
													"id": "Bip001 L Clavicle", 
													"skeleton": false, 
													"transform": [-0.048883,  0.565289,  0.823443,  0.000000, -0.528343, -0.714276,  0.458981,  0.000000,  0.847623, -0.412624,  0.333582,  0.000000, -8.113405,  5.535927,  7.199278,  1.000000], 
													"children": [
														{
															"id": "Bip001 L UpperArm", 
															"skeleton": false, 
															"transform": [ 0.726726, -0.572679, -0.379352,  0.000000,  0.169568,  0.684711, -0.708814,  0.000000,  0.665669,  0.450788,  0.594705,  0.000000,  9.698199, -0.000002, -0.000008,  1.000000], 
															"children": [
																{
																	"id": "Bip001 L Forearm", 
																	"skeleton": false, 
																	"transform": [ 0.428576, -0.903505,  0.000000,  0.000000,  0.903506,  0.428577,  0.000000,  0.000000, -0.000000,  0.000000,  1.000000,  0.000000,  16.341644, -0.000000,  0.000000,  1.000000], 
																	"children": [
																		{
																			"id": "Bip001 L Hand", 
																			"skeleton": false, 
																			"transform": [ 0.668799, -0.637632,  0.382275,  0.000000,  0.729254,  0.662644, -0.170562,  0.000000, -0.144556,  0.392847,  0.908171,  0.000000,  12.145854,  0.000002,  0.000000,  1.000000], 
																			"children": [
																				{
																					"id": "Bip001 L Finger0", 
																					"skeleton": false, 
																					"transform": [ 0.990674, -0.136254,  0.000109,  0.000000,  0.136254,  0.990674, -0.000789,  0.000000, -0.000000,  0.000796,  1.000000,  0.000000,  6.042160, -0.000001,  0.000001,  1.000000]
																				}
																			]
																		}
																	]
																}
															]
														}, 
														{
															"id": "Bone008", 
															"skeleton": false, 
															"transform": [ 0.127447,  0.977598,  0.167512,  0.000000, -0.913043,  0.181608, -0.365200,  0.000000, -0.387440, -0.106402,  0.915734,  0.000000,  7.902238,  5.085238,  1.533672,  1.000000], 
															"children": [
																{
																	"id": "Bone009", 
																	"skeleton": false, 
																	"transform": [ 0.955167,  0.295608, -0.016471,  0.000000, -0.286420,  0.908527, -0.304209,  0.000000, -0.074962,  0.295288,  0.952463,  0.000000,  10.583233,  0.000006, -0.000004,  1.000000], 
																	"children": [
																		{
																			"id": "Bone010", 
																			"skeleton": false, 
																			"transform": [ 0.912315,  0.312508, -0.264612,  0.000000, -0.313490,  0.948763,  0.039659,  0.000000,  0.263448,  0.046772,  0.963539,  0.000000,  9.441689, -0.000008,  0.000000,  1.000000], 
																			"children": [
																				{
																					"id": "Bone011", 
																					"skeleton": false, 
																					"transform": [ 0.495316,  0.147533, -0.856093,  0.000000,  0.281521,  0.905031,  0.318848,  0.000000,  0.821832, -0.398939,  0.406743,  0.000000,  19.570034, -0.000038, -0.000000,  1.000000], 
																					"children": [
																						{
																							"id": "Bone012", 
																							"skeleton": false, 
																							"transform": [ 0.928888, -0.123868, -0.349035,  0.000000, -0.197959, -0.962550, -0.185232,  0.000000, -0.313019,  0.241154, -0.918621,  0.000000,  18.293940, -0.252275, -0.144836,  1.000000], 
																							"children": [
																								{
																									"id": "Bone013", 
																									"skeleton": false, 
																									"transform": [ 0.710742,  0.489719,  0.504996,  0.000000, -0.486268,  0.860777, -0.150354,  0.000000, -0.508320, -0.138701,  0.849925,  0.000000,  24.975969, -0.000000,  0.000000,  1.000000], 
																									"children": [
																										{
																											"id": "Bone014", 
																											"skeleton": false, 
																											"transform": [ 0.997487, -0.070849,  0.000000,  0.000000,  0.070849,  0.997487, -0.000001,  0.000000,  0.000000,  0.000001,  1.000000,  0.000000,  27.363573, -0.000007,  0.000000,  1.000000]
																										}
																									]
																								}
																							]
																						}
																					]
																				}, 
																				{
																					"id": "Bone017", 
																					"skeleton": false, 
																					"transform": [-0.280559,  0.063235, -0.957752,  0.000000, -0.676603, -0.720781,  0.150612,  0.000000, -0.680805,  0.690273,  0.245007,  0.000000,  15.341686, -2.572353, -4.454414,  1.000000], 
																					"children": [
																						{
																							"id": "Bone018", 
																							"skeleton": false, 
																							"transform": [ 1.000000,  0.000000,  0.000000,  0.000000,  0.000000,  1.000000,  0.000000,  0.000000, -0.000000,  0.000000,  1.000000,  0.000000,  42.506569, -0.000002, -0.000004,  1.000000]
																						}
																					]
																				}
																			]
																		}
																	]
																}
															]
														}
													]
												}, 
												{
													"id": "Bip001 R Clavicle", 
													"skeleton": false, 
													"transform": [-0.210861,  0.681114, -0.701157,  0.000000, -0.623844, -0.645986, -0.439910,  0.000000, -0.752567,  0.344652,  0.561122,  0.000000, -9.349613,  6.419899, -4.436339,  1.000000], 
													"children": [
														{
															"id": "Bip001 R UpperArm", 
															"skeleton": false, 
															"transform": [ 0.865506, -0.351490,  0.356866,  0.000000,  0.136641,  0.851110,  0.506894,  0.000000, -0.481900, -0.389957,  0.784669,  0.000000,  9.698196, -0.000002, -0.000004,  1.000000], 
															"children": [
																{
																	"id": "Bip001 R Forearm", 
																	"skeleton": false, 
																	"transform": [ 0.499368, -0.866390,  0.000000,  0.000000,  0.866390,  0.499368, -0.000000,  0.000000, -0.000000, -0.000000,  1.000000,  0.000000,  16.341644,  0.000002,  0.000000,  1.000000], 
																	"children": [
																		{
																			"id": "Bip001 R Hand", 
																			"skeleton": false, 
																			"transform": [ 0.500075, -0.748239, -0.435963,  0.000000,  0.860188,  0.487332,  0.150283,  0.000000,  0.100011, -0.450163,  0.887328,  0.000000,  12.145851, -0.000002,  0.000000,  1.000000], 
																			"children": [
																				{
																					"id": "Bip001 R Finger0", 
																					"skeleton": false, 
																					"transform": [ 0.968246, -0.250001, -0.000199,  0.000000,  0.250001,  0.968245,  0.000771,  0.000000, -0.000000, -0.000796,  1.000000,  0.000000,  6.042164,  0.000001, -0.000000,  1.000000]
																				}
																			]
																		}
																	]
																}
															]
														}, 
														{
															"id": "Bone008(mirrored)", 
															"skeleton": false, 
															"transform": [-0.113012,  0.991776, -0.060069,  0.000000,  0.930117,  0.084336, -0.357448,  0.000000, -0.349442, -0.096267, -0.931999,  0.000000,  8.536671,  6.045147, -1.773779,  1.000000], 
															"children": [
																{
																	"id": "Bone009(mirrored)", 
																	"skeleton": false, 
																	"transform": [ 0.914605, -0.320215, -0.246901,  0.000000,  0.307986,  0.947336, -0.087751,  0.000000,  0.261997,  0.004216,  0.965059,  0.000000,  10.583242, -0.000002,  0.000004,  1.000000], 
																	"children": [
																		{
																			"id": "Bone010(mirrored)", 
																			"skeleton": false, 
																			"transform": [ 0.974705, -0.218827,  0.045447,  0.000000,  0.206283,  0.959095,  0.193865,  0.000000, -0.086011, -0.179586,  0.979975,  0.000000,  9.441692,  0.000004,  0.000008,  1.000000], 
																			"children": [
																				{
																					"id": "Bone011(mirrored)", 
																					"skeleton": false, 
																					"transform": [ 0.142387,  0.369765, -0.918150,  0.000000, -0.396318,  0.871297,  0.289435,  0.000000,  0.907005,  0.322668,  0.270606,  0.000000,  19.570045,  0.000032,  0.000011,  1.000000], 
																					"children": [
																						{
																							"id": "Bone012(mirrored)", 
																							"skeleton": false, 
																							"transform": [ 0.742526, -0.023006, -0.669422,  0.000000, -0.404430, -0.812070, -0.420688,  0.000000, -0.533939,  0.583107, -0.612287,  0.000000,  18.293945,  0.252268, -0.144814,  1.000000], 
																							"children": [
																								{
																									"id": "Bone013(mirrored)", 
																									"skeleton": false, 
																									"transform": [ 0.850258,  0.339968,  0.401850,  0.000000,  0.090881,  0.657159, -0.748253,  0.000000, -0.518462,  0.672728,  0.527858,  0.000000,  24.975964, -0.000000,  0.000019,  1.000000], 
																									"children": [
																										{
																											"id": "Bone014(mirrored)", 
																											"skeleton": false, 
																											"transform": [ 0.952623, -0.004908,  0.304117,  0.000000,  0.002342,  0.999959,  0.008801,  0.000000, -0.304147, -0.007671,  0.952594,  0.000000,  27.363586,  0.000007, -0.000004,  1.000000]
																										}
																									]
																								}
																							]
																						}
																					]
																				}, 
																				{
																					"id": "Bone017(mirrored)", 
																					"skeleton": false, 
																					"transform": [-0.616563,  0.156881, -0.771517,  0.000000,  0.730235, -0.252346, -0.634885,  0.000000, -0.294291, -0.954835,  0.041027,  0.000000,  16.034416,  2.459429, -4.370426,  1.000000]
																				}
																			]
																		}
																	]
																}
															]
														}
													]
												}, 
												{
													"id": "Bip001 Head", 
													"skeleton": false, 
													"transform": [ 0.534406, -0.829599,  0.161787,  0.000000,  0.844401,  0.532476, -0.058787,  0.000000, -0.037378,  0.168029,  0.985073,  0.000000,  5.656925, -0.000004, -0.000000,  1.000000], 
													"children": [
														{
															"id": "Bone007", 
															"skeleton": false, 
															"transform": [ 0.852438,  0.522829,  0.000000,  0.000000,  0.522829, -0.852438, -0.000002,  0.000000, -0.000000,  0.000002, -1.000000,  0.000000,  2.421864,  6.773937, -0.108842,  1.000000]
														}, 
														{
															"id": "Bone016", 
															"skeleton": false, 
															"transform": [ 0.006504, -0.020019,  0.999778,  0.000000,  0.308950, -0.950845, -0.021050,  0.000000,  0.951056,  0.309019,  0.000001,  0.000000,  14.095814,  0.807140,  4.673514,  1.000000]
														}, 
														{
															"id": "Bone015", 
															"skeleton": false, 
															"transform": [ 0.006504, -0.020019,  0.999778,  0.000000,  0.308950, -0.950845, -0.021050,  0.000000,  0.951056,  0.309019,  0.000001,  0.000000,  11.845264, -0.869965, -15.391634,  1.000000]
														}
													]
												}
											]
										}
									]
								}, 
								{
									"id": "Bip001 L Thigh", 
									"skeleton": false, 
									"transform": [-0.367688,  0.929949,  0.000134,  0.000000,  0.876978,  0.346696,  0.332733,  0.000000,  0.309378,  0.122459, -0.943021,  0.000000, -21.467106,  0.535080,  17.133860,  1.000000], 
									"children": [
										{
											"id": "Bip001 L Calf", 
											"skeleton": false, 
											"transform": [ 0.515118, -0.857119,  0.000000,  0.000000,  0.857119,  0.515118,  0.000000,  0.000000, -0.000000,  0.000000,  1.000000,  0.000000,  13.159224,  0.000000, -0.000000,  1.000000], 
											"children": [
												{
													"id": "Bip001 L HorseLink", 
													"skeleton": false, 
													"transform": [ 0.090243,  0.995920,  0.000000,  0.000000, -0.995920,  0.090243,  0.000000,  0.000000,  0.000000, -0.000000,  1.000000,  0.000000,  10.815896, -0.000001,  0.000000,  1.000000], 
													"children": [
														{
															"id": "Bip001 L Foot", 
															"skeleton": false, 
															"transform": [ 0.979342, -0.160958,  0.122395,  0.000000,  0.183488,  0.961745, -0.203417,  0.000000, -0.084971,  0.221673,  0.971412,  0.000000,  6.579610,  0.000002, -0.000000,  1.000000], 
															"children": [
																{
																	"id": "Bip001 L Toe0", 
																	"skeleton": false, 
																	"transform": [ 0.142021,  0.975598, -0.167445,  0.000000, -0.989570,  0.144055, -0.000000,  0.000000,  0.024121,  0.165699,  0.985881,  0.000000,  3.783278,  4.868918,  0.000002,  1.000000]
																}
															]
														}
													]
												}
											]
										}
									]
								}, 
								{
									"id": "Bip001 R Thigh", 
									"skeleton": false, 
									"transform": [ 0.016510,  0.978704, -0.204614,  0.000000,  0.980003, -0.056425, -0.190814,  0.000000, -0.198296, -0.197372, -0.960064,  0.000000, -15.405214,  0.099707, -18.417845,  1.000000], 
									"children": [
										{
											"id": "Bip001 R Calf", 
											"skeleton": false, 
											"transform": [ 0.332271, -0.943184, -0.000000,  0.000000,  0.943184,  0.332272, -0.000000,  0.000000, -0.000000,  0.000000,  1.000000,  0.000000,  13.159225,  0.000001,  0.000002,  1.000000], 
											"children": [
												{
													"id": "Bip001 R HorseLink", 
													"skeleton": false, 
													"transform": [-0.255260,  0.966873,  0.000000,  0.000000, -0.966873, -0.255260,  0.000000,  0.000000,  0.000000, -0.000000,  1.000000,  0.000000,  10.815902,  0.000000,  0.000000,  1.000000], 
													"children": [
														{
															"id": "Bip001 R Foot", 
															"skeleton": false, 
															"transform": [ 0.745746, -0.646311, -0.161694,  0.000000,  0.661805,  0.690719,  0.291411,  0.000000, -0.076657, -0.324328,  0.942833,  0.000000,  6.579613, -0.000000,  0.000000,  1.000000], 
															"children": [
																{
																	"id": "Bip001 R Toe0", 
																	"skeleton": false, 
																	"transform": [ 0.142022,  0.975598,  0.167446,  0.000000, -0.989570,  0.144056,  0.000000,  0.000000, -0.024122, -0.165699,  0.985881,  0.000000,  3.783278,  4.868918, -0.000002,  1.000000]
																}
															]
														}
													]
												}
											]
										}
									]
								}
							]
						}
					]
				}, 
				{
					"id": "Bone001", 
					"skeleton": false, 
					"transform": [ 0.129785, -0.090431, -0.987410,  0.000000,  0.946169,  0.309091,  0.096057,  0.000000,  0.296513, -0.946723,  0.125678,  0.000000, -1.830376,  0.037422, -8.134954,  1.000000], 
					"children": [
						{
							"id": "Bone002", 
							"skeleton": false, 
							"transform": [ 0.968026, -0.249892, -0.021927,  0.000000,  0.249949,  0.968259, -0.000175,  0.000000,  0.021275, -0.005311,  0.999760,  0.000000,  13.859755,  0.000006, -0.000003,  1.000000], 
							"children": [
								{
									"id": "Bone003", 
									"skeleton": false, 
									"transform": [ 0.985496, -0.168470, -0.020368,  0.000000,  0.168497,  0.985702, -0.000366,  0.000000,  0.020139, -0.003071,  0.999792,  0.000000,  18.315508,  0.000013,  0.000000,  1.000000], 
									"children": [
										{
											"id": "Bone004", 
											"skeleton": false, 
											"transform": [ 0.992875, -0.119158, -0.000082,  0.000000,  0.119158,  0.992872,  0.002402,  0.000000, -0.000205, -0.002395,  0.999997,  0.000000,  14.930199,  0.000029,  0.000000,  1.000000], 
											"children": [
												{
													"id": "Bone005", 
													"skeleton": false, 
													"transform": [ 0.999875, -0.015800, -0.000000,  0.000000,  0.015800,  0.999875,  0.000000,  0.000000,  0.000000, -0.000000,  1.000000,  0.000000,  14.563251,  0.000047, -0.000001,  1.000000]
												}
											]
										}
									]
								}
							]
						}
					]
				}
			]
		}
	], 
	"animations": [
		{
			"id": "Take 001", 
			"length":  9.000000, 
			"bones": [
				{
					"boneId": "Bip001 L HorseLink", 
					"keyframes": [
						{
							"keytime":  0.333333, 
							"rotation": [ 0.000000, -0.000000,  0.553033,  0.833159], 
							"scale": [ 1.000000,  1.000000,  1.000000], 
							"translation": [ 10.815899, -0.000001, -0.000002]
						}, 
						{
							"keytime":  0.337037, 
							"rotation": [ 0.000000,  0.000000,  0.565368,  0.824839], 
							"translation": [ 10.815898,  0.000002,  0.000002]
						}, 
						{
							"keytime":  0.340741, 
							"rotation": [-0.000000,  0.000000,  0.575806,  0.817586]
						}, 
						{
							"keytime":  0.344444, 
							"rotation": [ 0.000000, -0.000000,  0.584828,  0.811157], 
							"translation": [ 10.815903, -0.000002,  0.000000]
						}, 
						{
							"keytime":  0.348148, 
							"rotation": [ 0.000000,  0.000000,  0.592991,  0.805209], 
							"translation": [ 10.815899, -0.000002, -0.000004]
						}, 
						{
							"keytime":  0.351852, 
							"rotation": [ 0.000000, -0.000000,  0.600067,  0.799950], 
							"translation": [ 10.815896, -0.000000, -0.000002]
						}, 
						{
							"keytime":  0.355556, 
							"rotation": [-0.000000,  0.000000,  0.606518,  0.795070], 
							"translation": [ 10.815897,  0.000000, -0.000000]
						}, 
						{
							"keytime":  0.359259, 
							"rotation": [-0.000000, -0.000000,  0.612702,  0.790314], 
							"translation": [ 10.815901, -0.000001,  0.000000]
						}, 
						{
							"keytime":  0.362963, 
							"rotation": [ 0.000000,  0.000000,  0.618426,  0.785843], 
							"translation": [ 10.815897,  0.000000, -0.000002]
						}, 
						{
							"keytime":  0.366667, 
							"rotation": [-0.000000,  0.000000,  0.624037,  0.781395], 
							"translation": [ 10.815899, -0.000002,  0.000002]
						}, 
						{
							"keytime":  0.370370, 
							"rotation": [-0.000000,  0.000000,  0.629858,  0.776710]
						}, 
						{
							"keytime":  0.374074, 
							"rotation": [ 0.000000, -0.000000,  0.635690,  0.771944], 
							"translation": [ 10.815895,  0.000000,  0.000000]
						}, 
						{
							"keytime":  0.377778, 
							"rotation": [ 0.000000,  0.000000,  0.641834,  0.766843], 
							"translation": [ 10.815902,  0.000000,  0.000002]
						}, 
						{
							"keytime":  0.381481, 
							"rotation": [ 0.000000,  0.000000,  0.648616,  0.761116], 
							"translation": [ 10.815901, -0.000002, -0.000004]
						}, 
						{
							"keytime":  0.385185, 
							"rotation": [ 0.000000,  0.000000,  0.655742,  0.754985], 
							"translation": [ 10.815904, -0.000002, -0.000002]
						}, 
						{
							"keytime":  0.388889, 
							"rotation": [ 0.000000, -0.000000,  0.663497,  0.748179], 
							"translation": [ 10.815897, -0.000000, -0.000000]
						}, 
						{
							"keytime":  0.392592, 
							"rotation": [ 0.000000, -0.000000,  0.672231,  0.740341], 
							"translation": [ 10.815898,  0.000000,  0.000000]
						}, 
						{
							"keytime":  0.396296, 
							"rotation": [ 0.000000, -0.000000,  0.681499,  0.731819], 
							"translation": [ 10.815903, -0.000003, -0.000002]
						}, 
						{
							"keytime":  0.400000, 
							"rotation": [ 0.000000, -0.000000,  0.691601,  0.722280], 
							"translation": [ 10.815900, -0.000002, -0.000002]
						}, 
						{
							"keytime":  0.403704, 
							"rotation": [-0.000000,  0.000000,  0.702914,  0.711275], 
							"translation": [ 10.815901, -0.000002,  0.000002]
						}, 
						{
							"keytime":  0.407407, 
							"rotation": [ 0.000000, -0.000000,  0.715319,  0.698798], 
							"translation": [ 10.815902, -0.000001, -0.000002]
						}, 
						{
							"keytime":  0.411111, 
							"rotation": [ 0.000000, -0.000000,  0.670786,  0.741651], 
							"translation": [ 10.815896, -0.000002, -0.000000]
						}, 
						{
							"keytime":  0.414815, 
							"rotation": [-0.000000, -0.000000,  0.566353,  0.824163], 
							"translation": [ 10.815898, -0.000002, -0.000002]
						}, 
						{
							"keytime":  0.418518, 
							"rotation": [-0.000000, -0.000000,  0.425305,  0.905050]
						}, 
						{
							"keytime":  0.422222, 
							"rotation": [-0.000000,  0.000000,  0.274100,  0.961701], 
							"translation": [ 10.815895,  0.000001, -0.000000]
						}, 
						{
							"keytime":  0.425926, 
							"rotation": [-0.000000,  0.000000,  0.147428,  0.989073], 
							"translation": [ 10.815897, -0.000001,  0.000001]
						}, 
						{
							"keytime":  0.429629, 
							"rotation": [ 0.000000, -0.000000,  0.091494,  0.995806], 
							"translation": [ 10.815899, -0.000000, -0.000001]
						}, 
						{
							"keytime":  0.433333, 
							"rotation": [ 0.000000,  0.000000,  0.181565,  0.983379], 
							"translation": [ 10.815895,  0.000001, -0.000000]
						}, 
						{
							"keytime":  0.437037, 
							"rotation": [-0.000000, -0.000000,  0.392987,  0.919544], 
							"translation": [ 10.815891, -0.000002,  0.000000]
						}, 
						{
							"keytime":  0.440740, 
							"rotation": [-0.000000,  0.000000,  0.581838,  0.813305], 
							"translation": [ 10.815895, -0.000000,  0.000000]
						}, 
						{
							"keytime":  0.444444, 
							"rotation": [ 0.000000, -0.000000,  0.657037,  0.753858], 
							"translation": [ 10.815895,  0.000000, -0.000002]
						}, 
						{
							"keytime":  0.448148, 
							"rotation": [-0.000000,  0.000000,  0.596012,  0.802976], 
							"translation": [ 10.815895, -0.000004, -0.000002]
						}, 
						{
							"keytime":  0.451852, 
							"rotation": [-0.000000,  0.000000,  0.448786,  0.893639], 
							"translation": [ 10.815903, -0.000000,  0.000004]
						}, 
						{
							"keytime":  0.455555, 
							"rotation": [ 0.000000,  0.000000,  0.256410,  0.966568], 
							"translation": [ 10.815903,  0.000000, -0.000002]
						}, 
						{
							"keytime":  0.459259, 
							"rotation": [ 0.000000,  0.000000,  0.077613,  0.996984], 
							"translation": [ 10.815899, -0.000000, -0.000000]
						}, 
						{
							"keytime":  0.462963, 
							"rotation": [-0.000000, -0.000000, -0.005403,  0.999985], 
							"translation": [ 10.815903,  0.000004,  0.000002]
						}, 
						{
							"keytime":  0.466666, 
							"rotation": [ 0.000000,  0.000000, -0.019845,  0.999803], 
							"translation": [ 10.815899,  0.000004,  0.000000]
						}, 
						{
							"keytime":  0.470370, 
							"rotation": [-0.000000, -0.000000, -0.032679,  0.999466], 
							"translation": [ 10.815895,  0.000000, -0.000000]
						}, 
						{
							"keytime":  0.474074, 
							"rotation": [-0.000000, -0.000000, -0.043965,  0.999033], 
							"translation": [ 10.815895, -0.000000,  0.000000]
						}, 
						{
							"keytime":  0.477778, 
							"rotation": [-0.000000, -0.000000, -0.054112,  0.998535], 
							"translation": [ 10.815899,  0.000000, -0.000000]
						}, 
						{
							"keytime":  0.481481, 
							"rotation": [ 0.000000, -0.000000, -0.063419,  0.997987], 
							"translation": [ 10.815899, -0.000000,  0.000002]
						}, 
						{
							"keytime":  0.485185, 
							"rotation": [-0.000000,  0.000000, -0.071383,  0.997449], 
							"translation": [ 10.815899,  0.000004,  0.000000]
						}, 
						{
							"keytime":  0.488889, 
							"rotation": [ 0.000000, -0.000000, -0.078336,  0.996927], 
							"translation": [ 10.815899,  0.000004, -0.000000]
						}, 
						{
							"keytime":  0.492593, 
							"rotation": [ 0.000000,  0.000000, -0.084487,  0.996425], 
							"translation": [ 10.815899, -0.000004,  0.000000]
						}, 
						{
							"keytime":  0.496296, 
							"rotation": [ 0.000000,  0.000000, -0.089519,  0.995985], 
							"translation": [ 10.815895, -0.000004, -0.000000]
						}, 
						{
							"keytime":  0.500000, 
							"rotation": [ 0.000000, -0.000000, -0.093669,  0.995603], 
							"translation": [ 10.815899, -0.000004, -0.000000]
						}, 
						{
							"keytime":  0.503704, 
							"rotation": [-0.000000, -0.000000, -0.097067,  0.995278], 
							"translation": [ 10.815899, -0.000000,  0.000002]
						}, 
						{
							"keytime":  0.507407, 
							"rotation": [-0.000000,  0.000000, -0.099557,  0.995032], 
							"translation": [ 10.815903,  0.000000,  0.000000]
						}, 
						{
							"keytime":  0.511111, 
							"rotation": [-0.000000, -0.000000, -0.101334,  0.994852], 
							"translation": [ 10.815891, -0.000004, -0.000002]
						}, 
						{
							"keytime":  0.514815, 
							"rotation": [ 0.000000,  0.000000, -0.102337,  0.994750], 
							"translation": [ 10.815895, -0.000004, -0.000000]
						}, 
						{
							"keytime":  0.518519, 
							"rotation": [ 0.000000,  0.000000, -0.102671,  0.994715], 
							"translation": [ 10.815903,  0.000004,  0.000000]
						}, 
						{
							"keytime":  0.522222, 
							"rotation": [ 0.000000, -0.000000, -0.102358,  0.994748], 
							"translation": [ 10.815907,  0.000000, -0.000002]
						}, 
						{
							"keytime":  0.525926, 
							"rotation": [ 0.000000,  0.000000, -0.101460,  0.994840], 
							"translation": [ 10.815899, -0.000000, -0.000000]
						}, 
						{
							"keytime":  0.529630, 
							"rotation": [-0.000000,  0.000000, -0.100018,  0.994986], 
							"translation": [ 10.815903,  0.000004,  0.000000]
						}, 
						{
							"keytime":  0.533333, 
							"rotation": [ 0.000000, -0.000000, -0.098007,  0.995186], 
							"translation": [ 10.815895,  0.000000, -0.000002]
						}, 
						{
							"keytime":  0.537037, 
							"rotation": [-0.000000, -0.000000, -0.095586,  0.995421], 
							"translation": [ 10.815895,  0.000004,  0.000002]
						}, 
						{
							"keytime":  0.540741, 
							"rotation": [ 0.000000, -0.000000, -0.092747,  0.995690], 
							"translation": [ 10.815899,  0.000000,  0.000004]
						}, 
						{
							"keytime":  0.544445, 
							"rotation": [-0.000000, -0.000000, -0.089426,  0.995993], 
							"translation": [ 10.815903, -0.000000,  0.000000]
						}, 
						{
							"keytime":  0.548148, 
							"rotation": [ 0.000000, -0.000000, -0.085862,  0.996307], 
							"translation": [ 10.815895, -0.000008,  0.000002]
						}, 
						{
							"keytime":  0.551852, 
							"rotation": [ 0.000000, -0.000000, -0.082002,  0.996632], 
							"translation": [ 10.815903, -0.000000, -0.000002]
						}, 
						{
							"keytime":  0.555556, 
							"rotation": [ 0.000000, -0.000000, -0.077762,  0.996972], 
							"translation": [ 10.815895,  0.000008,  0.000000]
						}, 
						{
							"keytime":  0.559259, 
							"rotation": [ 0.000000, -0.000000, -0.073431,  0.997300], 
							"translation": [ 10.815899, -0.000008,  0.000000]
						}, 
						{
							"keytime":  0.562963, 
							"rotation": [ 0.000000,  0.000000, -0.068931,  0.997621]
						}, 
						{
							"keytime":  0.566667, 
							"rotation": [-0.000000,  0.000000, -0.064161,  0.997940], 
							"translation": [ 10.815899,  0.000008, -0.000002]
						}, 
						{
							"keytime":  0.570371, 
							"rotation": [ 0.000000, -0.000000, -0.059445,  0.998232], 
							"translation": [ 10.815903,  0.000008, -0.000000]
						}, 
						{
							"keytime":  0.574074, 
							"rotation": [-0.000000,  0.000000, -0.054684,  0.998504], 
							"translation": [ 10.815895,  0.000008, -0.000002]
						}, 
						{
							"keytime":  0.577778, 
							"rotation": [ 0.000000,  0.000000, -0.049778,  0.998760], 
							"translation": [ 10.815895, -0.000000,  0.000000]
						}, 
						{
							"keytime":  0.581482, 
							"rotation": [ 0.000000, -0.000000, -0.045057,  0.998984], 
							"translation": [ 10.815899, -0.000000,  0.000000]
						}, 
						{
							"keytime":  0.585186, 
							"rotation": [ 0.000000, -0.000000, -0.040418,  0.999183], 
							"translation": [ 10.815899,  0.000008,  0.000000]
						}, 
						{
							"keytime":  0.588889, 
							"rotation": [-0.000000,  0.000000, -0.035770,  0.999360], 
							"translation": [ 10.815903, -0.000008, -0.000000]
						}, 
						{
							"keytime":  0.592593, 
							"rotation": [ 0.000000, -0.000000, -0.031428,  0.999506], 
							"translation": [ 10.815899, -0.000008,  0.000000]
						}, 
						{
							"keytime":  0.596297, 
							"rotation": [-0.000000,  0.000000, -0.027294,  0.999627], 
							"translation": [ 10.815899,  0.000007,  0.000000]
						}, 
						{
							"keytime":  0.600000, 
							"rotation": [ 0.000000,  0.000000, -0.023298,  0.999729], 
							"translation": [ 10.815899,  0.000008, -0.000002]
						}, 
						{
							"keytime":  0.603704, 
							"rotation": [ 0.000000,  0.000000, -0.019718,  0.999806], 
							"translation": [ 10.815895,  0.000000, -0.000000]
						}, 
						{
							"keytime":  0.607408, 
							"rotation": [-0.000000, -0.000000, -0.016472,  0.999864], 
							"translation": [ 10.815899, -0.000000,  0.000000]
						}, 
						{
							"keytime":  0.611112, 
							"rotation": [ 0.000000, -0.000000, -0.013524,  0.999909], 
							"translation": [ 10.815895,  0.000000,  0.000000]
						}, 
						{
							"keytime":  0.614815, 
							"rotation": [-0.000000,  0.000000, -0.011088,  0.999939], 
							"translation": [ 10.815907,  0.000008,  0.000000]
						}, 
						{
							"keytime":  0.618519, 
							"rotation": [-0.000000, -0.000000, -0.009114,  0.999958], 
							"translation": [ 10.815895, -0.000008, -0.000002]
						}, 
						{
							"keytime":  0.622223, 
							"rotation": [-0.000000,  0.000000, -0.007607,  0.999971], 
							"translation": [ 10.815899,  0.000008,  0.000000]
						}, 
						{
							"keytime":  0.625926, 
							"rotation": [ 0.000000, -0.000000, -0.006699,  0.999978], 
							"translation": [ 10.815895,  0.000000,  0.000000]
						}, 
						{
							"keytime":  0.629630, 
							"rotation": [ 0.000000, -0.000000, -0.006381,  0.999980], 
							"translation": [ 10.815903,  0.000000, -0.000000]
						}, 
						{
							"keytime":  0.633334, 
							"rotation": [-0.000000,  0.000000, -0.006408,  0.999979], 
							"translation": [ 10.815895, -0.000008,  0.000000]
						}, 
						{
							"keytime":  0.637038, 
							"rotation": [ 0.000000, -0.000000, -0.006496,  0.999979], 
							"translation": [ 10.815899, -0.000000,  0.000000]
						}, 
						{
							"keytime":  0.640741, 
							"rotation": [ 0.000000, -0.000000, -0.006637,  0.999978], 
							"translation": [ 10.815895, -0.000008,  0.000000]
						}, 
						{
							"keytime":  0.644445, 
							"rotation": [-0.000000,  0.000000, -0.006835,  0.999977], 
							"translation": [ 10.815903, -0.000008, -0.000004]
						}, 
						{
							"keytime":  0.648149, 
							"rotation": [-0.000000, -0.000000, -0.007076,  0.999975], 
							"translation": [ 10.815895, -0.000000, -0.000002]
						}, 
						{
							"keytime":  0.651853, 
							"rotation": [-0.000000, -0.000000, -0.007361,  0.999973], 
							"translation": [ 10.815895, -0.000008, -0.000000]
						}, 
						{
							"keytime":  0.655556, 
							"rotation": [-0.000000, -0.000000, -0.007697,  0.999970], 
							"translation": [ 10.815899,  0.000000,  0.000000]
						}, 
						{
							"keytime":  0.659260, 
							"rotation": [ 0.000000,  0.000000, -0.008061,  0.999968], 
							"translation": [ 10.815891, -0.000000, -0.000004]
						}, 
						{
							"keytime":  0.662964, 
							"rotation": [-0.000000, -0.000000, -0.008458,  0.999964], 
							"translation": [ 10.815907,  0.000008, -0.000000]
						}, 
						{
							"keytime":  0.666667, 
							"rotation": [-0.000000, -0.000000, -0.008901,  0.999960], 
							"translation": [ 10.815903,  0.000000, -0.000004]
						}, 
						{
							"keytime":  0.670371, 
							"rotation": [ 0.000000, -0.000000, -0.009358,  0.999956], 
							"translation": [ 10.815891, -0.000000, -0.000000]
						}, 
						{
							"keytime":  0.674075, 
							"rotation": [ 0.000000,  0.000000, -0.009839,  0.999952], 
							"translation": [ 10.815899,  0.000000,  0.000000]
						}, 
						{
							"keytime":  0.677779, 
							"rotation": [-0.000000,  0.000000, -0.010357,  0.999946], 
							"translation": [ 10.815895, -0.000015, -0.000004]
						}, 
						{
							"keytime":  0.681482, 
							"rotation": [ 0.000000, -0.000000, -0.010878,  0.999941], 
							"translation": [ 10.815903,  0.000008, -0.000000]
						}, 
						{
							"keytime":  0.685186, 
							"rotation": [-0.000000, -0.000000, -0.011412,  0.999935], 
							"translation": [ 10.815895,  0.000000,  0.000000]
						}, 
						{
							"keytime":  0.688890, 
							"rotation": [ 0.000000, -0.000000, -0.011975,  0.999928], 
							"translation": [ 10.815899,  0.000000,  0.000000]
						}, 
						{
							"keytime":  0.692593, 
							"rotation": [ 0.000000, -0.000000, -0.012529,  0.999922], 
							"translation": [ 10.815899, -0.000000, -0.000000]
						}, 
						{
							"keytime":  0.696297, 
							"rotation": [-0.000000, -0.000000, -0.013087,  0.999914], 
							"translation": [ 10.815899,  0.000007,  0.000004]
						}, 
						{
							"keytime":  0.700001, 
							"rotation": [ 0.000000, -0.000000, -0.013663,  0.999907], 
							"translation": [ 10.815899,  0.000015,  0.000004]
						}, 
						{
							"keytime":  0.703705, 
							"rotation": [ 0.000000, -0.000000, -0.014220,  0.999899], 
							"translation": [ 10.815903,  0.000000,  0.000000]
						}, 
						{
							"keytime":  0.707408, 
							"rotation": [-0.000000, -0.000000, -0.014772,  0.999891], 
							"translation": [ 10.815891, -0.000008, -0.000000]
						}, 
						{
							"keytime":  0.711112, 
							"rotation": [-0.000000, -0.000000, -0.015331,  0.999882], 
							"translation": [ 10.815903,  0.000023,  0.000000]
						}, 
						{
							"keytime":  0.714816, 
							"rotation": [-0.000000,  0.000000, -0.015862,  0.999874], 
							"translation": [ 10.815899,  0.000015,  0.000008]
						}, 
						{
							"keytime":  0.718520, 
							"rotation": [ 0.000000,  0.000000, -0.016377,  0.999866], 
							"translation": [ 10.815899, -0.000015, -0.000004]
						}, 
						{
							"keytime":  0.722223, 
							"rotation": [ 0.000000, -0.000000, -0.016889,  0.999857], 
							"translation": [ 10.815893,  0.000000,  0.000000]
						}, 
						{
							"keytime":  0.725927, 
							"rotation": [-0.000000,  0.000000, -0.017363,  0.999849], 
							"translation": [ 10.815899,  0.000000,  0.000000]
						}, 
						{
							"keytime":  0.729631, 
							"rotation": [-0.000000,  0.000000, -0.017811,  0.999841], 
							"translation": [ 10.815897,  0.000000, -0.000004]
						}, 
						{
							"keytime":  0.733334, 
							"rotation": [-0.000000,  0.000000, -0.018244,  0.999834], 
							"translation": [ 10.815903,  0.000000,  0.000000]
						}, 
						{
							"keytime":  0.737038, 
							"rotation": [-0.000000,  0.000000, -0.018631,  0.999826], 
							"translation": [ 10.815901,  0.000015,  0.000004]
						}, 
						{
							"keytime":  0.740742, 
							"rotation": [ 0.000000,  0.000000, -0.018984,  0.999820], 
							"translation": [ 10.815895,  0.000015,  0.000000]
						}, 
						{
							"keytime":  0.744446, 
							"rotation": [ 0.000000,  0.000000, -0.019307,  0.999814], 
							"translation": [ 10.815901,  0.000015,  0.000000]
						}, 
						{
							"keytime":  0.748149, 
							"rotation": [-0.000000, -0.000000, -0.019578,  0.999808], 
							"translation": [ 10.815899,  0.000000, -0.000004]
						}, 
						{
							"keytime":  0.751853, 
							"rotation": [-0.000000,  0.000000, -0.019804,  0.999804], 
							"translation": [ 10.815895,  0.000015, -0.000000]
						}, 
						{
							"keytime":  0.755557, 
							"rotation": [-0.000000, -0.000000, -0.019986,  0.999800], 
							"translation": [ 10.815900,  0.000015,  0.000004]
						}, 
						{
							"keytime":  0.759260, 
							"rotation": [ 0.000000, -0.000000, -0.020110,  0.999798], 
							"translation": [ 10.815896,  0.000000,  0.000000]
						}, 
						{
							"keytime":  0.762964, 
							"rotation": [ 0.000000,  0.000000, -0.020180,  0.999796], 
							"translation": [ 10.815897, -0.000015,  0.000000]
						}, 
						{
							"keytime":  0.766668, 
							"rotation": [-0.000000, -0.000000, -0.020191,  0.999796], 
							"translation": [ 10.815899,  0.000015, -0.000004]
						}, 
						{
							"keytime":  0.770372, 
							"rotation": [ 0.000000,  0.000000, -0.020139,  0.999797], 
							"translation": [ 10.815899,  0.000015,  0.000004]
						}, 
						{
							"keytime":  0.774075, 
							"rotation": [-0.000000,  0.000000, -0.020023,  0.999800], 
							"translation": [ 10.815899,  0.000000,  0.000004]
						}, 
						{
							"keytime":  0.777779, 
							"rotation": [ 0.000000, -0.000000, -0.019831,  0.999803], 
							"translation": [ 10.815901,  0.000015,  0.000004]
						}, 
						{
							"keytime":  0.781483, 
							"rotation": [ 0.000000,  0.000000, -0.019573,  0.999808], 
							"translation": [ 10.815898,  0.000000,  0.000000]
						}, 
						{
							"keytime":  0.785187, 
							"rotation": [-0.000000, -0.000000, -0.019240,  0.999815], 
							"translation": [ 10.815899, -0.000000, -0.000000]
						}, 
						{
							"keytime":  0.788890, 
