{
	"version": "0.7", 
	"id": "", 
	"meshes": [], 
	"materials": [], 
	"nodes": [
		{
			"id": "Bip01", 
			"skeleton": false, 
			"transform": [ 0.000000, -1.000000, -0.000000,  0.000000,  0.987476,  0.000000,  0.157771,  0.000000, -0.157771, -0.000000,  0.987476,  0.000000,  0.000000,  51.955482, -35.053455,  1.000000], 
			"children": [
				{
					"id": "Bip01 Pelvis", 
					"skeleton": false, 
					"transform": [ 0.000000, -0.000000,  1.000000,  0.000000,  1.000000,  0.000001, -0.000000,  0.000000, -0.000001,  1.000000,  0.000000,  0.000000,  0.000000,  0.000000,  0.000000,  1.000000], 
					"children": [
						{
							"id": "Bip01 Spine", 
							"skeleton": false, 
							"transform": [ 0.961038, -0.273895,  0.037249,  0.000000,  0.273316,  0.961717,  0.019953,  0.000000, -0.041288, -0.008995,  0.999107,  0.000000,  28.792740, -0.017647, -0.000326,  1.000000], 
							"children": [
								{
									"id": "Bip01 Spine1", 
									"skeleton": false, 
									"transform": [ 0.964860, -0.236438,  0.114638,  0.000000,  0.234919,  0.971646,  0.026778,  0.000000, -0.117719,  0.001093,  0.993046,  0.000000,  23.042406, -0.017830, -0.000493,  1.000000], 
									"children": [
										{
											"id": "Bip01 Spine2", 
											"skeleton": false, 
											"transform": [ 0.952386, -0.285482, -0.107057,  0.000000,  0.283603,  0.958384, -0.032715,  0.000000,  0.111941,  0.000796,  0.993714,  0.000000,  23.041527, -0.017593,  0.000602,  1.000000], 
											"children": [
												{
													"id": "Bip01 Spine3", 
													"skeleton": false, 
													"transform": [ 0.981800, -0.188124, -0.026066,  0.000000,  0.188057,  0.982145, -0.005020,  0.000000,  0.026545,  0.000027,  0.999648,  0.000000,  23.043266, -0.018024,  0.000090,  1.000000], 
													"children": [
														{
															"id": "Bip01 Neck", 
															"skeleton": false, 
															"transform": [ 0.999808,  0.019605,  0.000000,  0.000000, -0.019605,  0.999808,  0.000000,  0.000000, -0.000000, -0.000000,  1.000000,  0.000000,  24.614067, -0.026958, -0.000002,  1.000000], 
															"children": [
																{
																	"id": "Bip01 Neck1", 
																	"skeleton": false, 
																	"transform": [ 0.995652, -0.093152, -0.000000,  0.000000,  0.093152,  0.995652, -0.000000,  0.000000,  0.000000, -0.000000,  1.000000,  0.000000,  18.105881, -0.017872,  0.000000,  1.000000], 
																	"children": [
																		{
																			"id": "Bip01 Head", 
																			"skeleton": false, 
																			"transform": [ 0.223869,  0.973329, -0.050141,  0.000000, -0.974304,  0.222191, -0.036928,  0.000000, -0.024803,  0.057120,  0.998059,  0.000000,  22.524338, -0.000008,  0.000000,  1.000000], 
																			"children": [
																				{
																					"id": "Bone48", 
																					"skeleton": false, 
																					"transform": [ 0.941941,  0.335779,  0.000001,  0.000000,  0.335779, -0.941941, -0.000004,  0.000000, -0.000000,  0.000004, -1.000000,  0.000000,  23.227913,  20.683182, -0.000176,  1.000000]
																				}, 
																				{
																					"id": "Bone053", 
																					"skeleton": false, 
																					"transform": [ 0.961091, -0.276234, -0.000002,  0.000000, -0.276234, -0.961091, -0.000003,  0.000000, -0.000001,  0.000004, -1.000000,  0.000000,  15.984764, -3.542038, -0.534886,  1.000000]
																				}, 
																				{
																					"id": "Bone052", 
																					"skeleton": false, 
																					"transform": [ 0.961091, -0.276234, -0.000002,  0.000000, -0.276234, -0.961091, -0.000003,  0.000000, -0.000001,  0.000004, -1.000000,  0.000000,  15.840237, -4.044891, -3.305830,  1.000000]
																				}
																			]
																		}
																	]
																}, 
																{
																	"id": "Bip01 L Clavicle", 
																	"skeleton": false, 
																	"transform": [-0.343300,  0.435502,  0.832156,  0.000000, -0.018139, -0.888911,  0.457721,  0.000000,  0.939051,  0.142041,  0.313062,  0.000000, -43.319221, -11.884003,  8.963413,  1.000000], 
																	"children": [
																		{
																			"id": "Bip01 L UpperArm", 
																			"skeleton": false, 
																			"transform": [ 0.493703, -0.069732, -0.866830,  0.000000, -0.302466,  0.920777, -0.246341,  0.000000,  0.815336,  0.383806,  0.433499,  0.000000,  27.410284, -0.000000, -0.000000,  1.000000], 
																			"children": [
																				{
																					"id": "Bip01 L Forearm", 
																					"skeleton": false, 
																					"transform": [ 0.495815, -0.868428,  0.000000,  0.000000,  0.868428,  0.495815, -0.000000,  0.000000, -0.000000,  0.000000,  1.000000,  0.000000,  38.500862,  0.000003,  0.000000,  1.000000], 
																					"children": [
																						{
																							"id": "Bip01 L Hand", 
																							"skeleton": false, 
																							"transform": [ 0.675322, -0.730260,  0.103251,  0.000000,  0.732784,  0.648529, -0.206006,  0.000000,  0.083477,  0.214780,  0.973088,  0.000000,  27.019730,  0.000000,  0.000000,  1.000000]
																						}
																					]
																				}
																			]
																		}
																	]
																}, 
																{
																	"id": "Bip01 R Clavicle", 
																	"skeleton": false, 
																	"transform": [-0.343935,  0.131105, -0.929796,  0.000000, -0.020222, -0.991009, -0.132256,  0.000000, -0.938776, -0.026685,  0.343494,  0.000000, -43.319221, -11.883953, -8.963474,  1.000000], 
																	"children": [
																		{
																			"id": "Bip01 R UpperArm", 
																			"skeleton": false, 
																			"transform": [ 0.545784, -0.368667,  0.752465,  0.000000,  0.063153,  0.913554,  0.401785,  0.000000, -0.835542, -0.171768,  0.521886,  0.000000,  27.410282,  0.000000,  0.000000,  1.000000], 
																			"children": [
																				{
																					"id": "Bip01 R Forearm", 
																					"skeleton": false, 
																					"transform": [ 0.808248, -0.588842, -0.000000,  0.000000,  0.588842,  0.808248,  0.000000,  0.000000,  0.000000,  0.000000,  1.000000,  0.000000,  38.500862,  0.000002,  0.000004,  1.000000], 
																					"children": [
																						{
																							"id": "Bip01 R Hand", 
																							"skeleton": false, 
																							"transform": [ 0.550611, -0.819545, -0.158659,  0.000000,  0.828385,  0.512997,  0.224973,  0.000000, -0.102984, -0.255303,  0.961361,  0.000000,  27.019733,  0.000000,  0.000000,  1.000000]
																						}
																					]
																				}
																			]
																		}
																	]
																}
															]
														}
													]
												}, 
												{
													"id": "Bone01", 
													"skeleton": false, 
													"transform": [-0.166092, -0.756976,  0.631982,  0.000000, -0.971656,  0.234956,  0.026064,  0.000000, -0.168218, -0.609740, -0.774544,  0.000000,  8.488503, -11.444332,  8.532942,  1.000000], 
													"children": [
														{
															"id": "Bone02", 
															"skeleton": false, 
															"transform": [ 0.875893, -0.242316,  0.417247,  0.000000,  0.320817,  0.938385, -0.128499,  0.000000, -0.360400,  0.246411,  0.899663,  0.000000,  38.615334, -0.000008, -0.000002,  1.000000], 
															"children": [
																{
																	"id": "Bone03", 
																	"skeleton": false, 
																	"transform": [ 0.357570, -0.881411, -0.308640,  0.000000,  0.814875,  0.455915, -0.357938,  0.000000,  0.456204, -0.123515,  0.881262,  0.000000,  17.264183,  0.021828,  0.003983,  1.000000], 
																	"children": [
																		{
																			"id": "Bone04", 
																			"skeleton": false, 
																			"transform": [ 0.163411,  0.984833,  0.058328,  0.000000, -0.985632,  0.165534, -0.033611,  0.000000, -0.042756, -0.051998,  0.997732,  0.000000,  57.132042,  0.000031,  0.000010,  1.000000], 
																			"children": [
																				{
																					"id": "Bone17", 
																					"skeleton": false, 
																					"transform": [ 0.953661,  0.114511, -0.278241,  0.000000,  0.046337,  0.857820,  0.511857,  0.000000,  0.297294, -0.501031,  0.812764,  0.000000,  46.871040, -0.639359,  0.695938,  1.000000], 
																					"children": [
																						{
																							"id": "Bone18", 
																							"skeleton": false, 
																							"transform": [ 0.974945,  0.218889,  0.039616,  0.000000, -0.221724,  0.941932,  0.252194,  0.000000,  0.017887, -0.254659,  0.966866,  0.000000,  58.689613,  0.000015,  0.000008,  1.000000]
																						}
																					]
																				}
																			]
																		}, 
																		{
																			"id": "Bone08", 
																			"skeleton": false, 
																			"transform": [-0.642438,  0.763438,  0.066595,  0.000000, -0.336627, -0.203067, -0.919481,  0.000000, -0.688444, -0.613128,  0.387452,  0.000000,  56.668724,  3.304535,  0.674700,  1.000000]
																		}
																	]
																}
															]
														}
													]
												}, 
												{
													"id": "Bone20", 
													"skeleton": false, 
													"transform": [-0.153262, -0.725617, -0.670813,  0.000000, -0.860154,  0.432133, -0.270917,  0.000000,  0.486463,  0.535481, -0.690372,  0.000000,  6.526680, -20.063229, -15.944764,  1.000000], 
													"children": [
														{
															"id": "Bone21", 
															"skeleton": false, 
															"transform": [ 0.820785, -0.570354, -0.031783,  0.000000,  0.179649,  0.310543, -0.933429,  0.000000,  0.542254,  0.760434,  0.357352,  0.000000,  29.547958,  0.000000,  0.000000,  1.000000], 
															"children": [
																{
																	"id": "Bone22", 
																	"skeleton": false, 
																	"transform": [ 0.222674, -0.874108, -0.431684,  0.000000,  0.960457,  0.272616, -0.056586,  0.000000,  0.167147, -0.402014,  0.900248,  0.000000,  27.153374,  0.000004,  0.000002,  1.000000], 
																	"children": [
																		{
																			"id": "Bone23", 
																			"skeleton": false, 
																			"transform": [-0.071929,  0.766112,  0.638670,  0.000000, -0.744896,  0.384567, -0.545197,  0.000000, -0.663292, -0.514958,  0.543012,  0.000000,  55.744095,  0.000031, -0.000013,  1.000000], 
																			"children": [
																				{
																					"id": "Bone24", 
																					"skeleton": false, 
																					"transform": [ 0.927065, -0.224762,  0.300054,  0.000000, -0.059497, -0.878419, -0.474171,  0.000000,  0.370150,  0.421736, -0.827725,  0.000000,  54.716858, -0.746368,  0.812408,  1.000000], 
																					"children": [
																						{
																							"id": "Bone25", 
																							"skeleton": false, 
																							"transform": [ 0.896035, -0.432055, -0.102224,  0.000000, -0.244148, -0.287190, -0.926236,  0.000000,  0.370828,  0.854898, -0.362818,  0.000000,  43.159370, -0.000076,  0.000015,  1.000000]
																						}
																					]
																				}
																			]
																		}, 
																		{
																			"id": "Bone33", 
																			"skeleton": false, 
																			"transform": [-0.740134,  0.448025,  0.501472,  0.000000, -0.670856, -0.543398, -0.504648,  0.000000,  0.046404, -0.709924,  0.702749,  0.000000,  49.340439, -4.374153,  2.698671,  1.000000]
																		}
																	]
																}
															]
														}
													]
												}
											]
										}
									]
								}
							]
						}, 
						{
							"id": "Bip01 L Thigh", 
							"skeleton": false, 
							"transform": [ 0.186880,  0.969697,  0.157365,  0.000000,  0.980167, -0.194804,  0.036396,  0.000000,  0.065948,  0.147442, -0.986870,  0.000000, -0.000046,  0.000046,  32.938148,  1.000000], 
							"children": [
								{
									"id": "Bip01 L Calf", 
									"skeleton": false, 
									"transform": [ 0.080540, -0.996751,  0.000000,  0.000000,  0.996751,  0.080540, -0.000000,  0.000000,  0.000000,  0.000000,  1.000000,  0.000000,  19.065289,  0.000000,  0.000000,  1.000000], 
									"children": [
										{
											"id": "Bip01 L HorseLink", 
											"skeleton": false, 
											"transform": [ 0.229902,  0.973214,  0.000000,  0.000000, -0.973214,  0.229902,  0.000000,  0.000000, -0.000000, -0.000000,  1.000000,  0.000000,  23.533142,  0.000000,  0.000000,  1.000000], 
											"children": [
												{
													"id": "Bip01 L Foot", 
													"skeleton": false, 
													"transform": [ 0.993128, -0.034649,  0.111785,  0.000000,  0.078001,  0.908055, -0.411523,  0.000000, -0.087248,  0.417415,  0.904518,  0.000000,  13.781953,  0.000004,  0.000000,  1.000000], 
													"children": [
														{
															"id": "Bip01 L Toe0", 
															"skeleton": false, 
															"transform": [ 0.000000,  1.000000,  0.000000,  0.000000, -1.000000,  0.000000, -0.000000,  0.000000, -0.000000, -0.000000,  1.000000,  0.000000,  14.525728,  12.105040,  0.000000,  1.000000], 
															"children": [
																{
																	"id": "Bip01 L Toe01", 
																	"skeleton": false, 
																	"transform": [ 0.987399, -0.158253, -0.000000,  0.000000,  0.158253,  0.987399,  0.000000,  0.000000,  0.000000, -0.000000,  1.000000,  0.000000,  2.204477,  0.000000,  0.000004,  1.000000]
																}
															]
														}
													]
												}
											]
										}
									]
								}
							]
						}, 
						{
							"id": "Bip01 R Thigh", 
							"skeleton": false, 
							"transform": [ 0.193937,  0.973294, -0.122833,  0.000000,  0.976907, -0.203050, -0.066507,  0.000000, -0.089672, -0.107098, -0.990196,  0.000000,  0.000050, -0.000046, -32.938148,  1.000000], 
							"children": [
								{
									"id": "Bip01 R Calf", 
									"skeleton": false, 
									"transform": [ 0.080532, -0.996752,  0.000000,  0.000000,  0.996752,  0.080532, -0.000000,  0.000000, -0.000000, -0.000000,  1.000000,  0.000000,  19.065285, -0.000004,  0.000004,  1.000000], 
									"children": [
										{
											"id": "Bip01 R HorseLink", 
											"skeleton": false, 
											"transform": [ 0.229914,  0.973211,  0.000000,  0.000000, -0.973211,  0.229914, -0.000000,  0.000000, -0.000000, -0.000000,  1.000000,  0.000000,  23.533131,  0.000004,  0.000000,  1.000000], 
											"children": [
												{
													"id": "Bip01 R Foot", 
													"skeleton": false, 
													"transform": [ 0.996578, -0.041352, -0.071571,  0.000000,  0.066180,  0.917945,  0.391149,  0.000000,  0.049524, -0.394547,  0.917540,  0.000000,  13.781950, -0.000008,  0.000004,  1.000000], 
													"children": [
														{
															"id": "Bip01 R Toe0", 
															"skeleton": false, 
															"transform": [-0.000000,  1.000000, -0.000000,  0.000000, -1.000000, -0.000000, -0.000000,  0.000000, -0.000000,  0.000000,  1.000000,  0.000000,  14.525729,  12.105041,  0.000000,  1.000000], 
															"children": [
																{
																	"id": "Bip01 R Toe01", 
																	"skeleton": false, 
																	"transform": [ 0.987399, -0.158253, -0.000000,  0.000000,  0.158253,  0.987399, -0.000000,  0.000000,  0.000000, -0.000000,  1.000000,  0.000000,  2.204476, -0.000000,  0.000000,  1.000000]
																}
															]
														}
													]
												}
											]
										}
									]
								}
							]
						}, 
						{
							"id": "Bone05", 
							"skeleton": false, 
							"transform": [-0.904382,  0.241439,  0.351853,  0.000000,  0.258574,  0.965990,  0.001770,  0.000000, -0.339459,  0.092581, -0.936054,  0.000000, -3.124607, -0.699047,  0.000001,  1.000000], 
							"children": [
								{
									"id": "Bone07", 
									"skeleton": false, 
									"transform": [ 0.975557,  0.179559,  0.126679,  0.000000, -0.180600,  0.983551, -0.003313,  0.000000, -0.125190, -0.019646,  0.991938,  0.000000,  36.644707, -0.001274, -0.000005,  1.000000], 
									"children": [
										{
											"id": "Bone37", 
											"skeleton": false, 
											"transform": [ 0.936472, -0.012997,  0.350503,  0.000000,  0.005500,  0.999735,  0.022375,  0.000000, -0.350700, -0.019026,  0.936294,  0.000000,  32.874287,  0.000023, -0.000001,  1.000000], 
											"children": [
												{
													"id": "Bone38", 
													"skeleton": false, 
													"transform": [ 0.881952, -0.206124,  0.423878,  0.000000,  0.206403,  0.977393,  0.045832,  0.000000, -0.423742,  0.047068,  0.904559,  0.000000,  34.327835,  0.000015,  0.000002,  1.000000], 
													"children": [
														{
															"id": "Bone39", 
															"skeleton": false, 
															"transform": [ 0.918150, -0.302203,  0.256270,  0.000000,  0.306367,  0.951598,  0.024524,  0.000000, -0.251277,  0.055996,  0.966294,  0.000000,  34.797874,  0.000156,  0.000000,  1.000000], 
															"children": [
																{
																	"id": "Bone40", 
																	"skeleton": false, 
																	"transform": [ 0.949793,  0.064052, -0.306252,  0.000000, -0.065978,  0.997813,  0.004072,  0.000000,  0.305843,  0.016338,  0.951942,  0.000000,  30.135941, -0.000056,  0.000000,  1.000000]
																}
															]
														}
													]
												}
											]
										}
									]
								}
							]
						}
					]
				}
			]
		}
	], 
	"animations": [
		{
			"id": "Take 001", 
			"length":  3.599997, 
			"bones": [
				{
					"boneId": "Bip01", 
					"keyframes": [
						{
							"keytime":  0.000000, 
							"rotation": [ 0.055956, -0.055956, -0.704889,  0.704889], 
							"scale": [ 1.000000,  1.000000,  1.000000], 
							"translation": [ 0.000000,  51.955482, -35.053455]
						}, 
						{
							"keytime":  0.009259, 
							"rotation": [ 0.085556, -0.026258, -0.706726,  0.701804], 
							"translation": [ 0.000000,  50.459770, -31.857077]
						}, 
						{
							"keytime":  0.018519, 
							"rotation": [ 0.111546, -0.000015, -0.707099,  0.698261], 
							"translation": [ 0.000000,  49.101376, -29.183147]
						}, 
						{
							"keytime":  0.027778, 
							"rotation": [ 0.120207,  0.008764, -0.707053,  0.696814], 
							"translation": [ 0.000000,  48.584442, -29.361542]
						}, 
						{
							"keytime":  0.037037, 
							"rotation": [ 0.119445,  0.007991, -0.707062,  0.696945], 
							"translation": [ 0.000000,  48.885719, -31.494473]
						}, 
						{
							"keytime":  0.046296, 
							"rotation": [ 0.112990,  0.001447, -0.707105,  0.698021], 
							"translation": [ 0.000000,  49.075508, -34.039993]
						}, 
						{
							"keytime":  0.055556, 
							"rotation": [ 0.102717, -0.008937, -0.707036,  0.699621], 
							"translation": [ 0.000000,  48.260303, -35.594284]
						}, 
						{
							"keytime":  0.064815, 
							"rotation": [ 0.085470, -0.027111, -0.707168,  0.701337], 
							"translation": [ 0.000000,  42.420414, -34.134903]
						}, 
						{
							"keytime":  0.074074, 
							"rotation": [ 0.059283, -0.053517, -0.705977,  0.703717], 
							"translation": [ 0.000000,  37.156151, -31.922445]
						}, 
						{
							"keytime":  0.083333, 
							"rotation": [ 0.023827, -0.085695, -0.699949,  0.708633], 
							"translation": [ 0.000000,  42.157478, -32.781971]
						}, 
						{
							"keytime":  0.092593, 
							"rotation": [-0.017690, -0.121723, -0.690060,  0.713223], 
							"translation": [ 0.000000,  50.691498, -34.950993]
						}, 
						{
							"keytime":  0.101852, 
							"rotation": [-0.062165, -0.159521, -0.676740,  0.716039], 
							"translation": [ 0.000000,  60.873592, -37.647560]
						}, 
						{
							"keytime":  0.111111, 
							"rotation": [-0.106613, -0.196906, -0.660908,  0.716284], 
							"translation": [ 0.000000,  72.225243, -40.507797]
						}, 
						{
							"keytime":  0.120370, 
							"rotation": [-0.144244, -0.228632, -0.645761,  0.714083], 
							"translation": [ 0.000000,  83.253052, -42.913784]
						}, 
						{
							"keytime":  0.129630, 
							"rotation": [-0.172449, -0.253071, -0.633724,  0.710359], 
							"translation": [ 0.000000,  93.460075, -44.504532]
						}, 
						{
							"keytime":  0.138889, 
							"rotation": [-0.189165, -0.269334, -0.627271,  0.705838], 
							"translation": [ 0.000000,  102.870171, -44.968147]
						}, 
						{
							"keytime":  0.148148, 
							"rotation": [-0.197343, -0.280334, -0.625917,  0.700497], 
							"translation": [ 0.000000,  112.532234, -44.644745]
						}, 
						{
							"keytime":  0.157408, 
							"rotation": [-0.198679, -0.286664, -0.628550,  0.695180], 
							"translation": [ 0.000000,  122.192841, -43.724464]
						}, 
						{
							"keytime":  0.166667, 
							"rotation": [-0.193410, -0.287676, -0.634580,  0.690755], 
							"translation": [ 0.000000,  131.301025, -42.272110]
						}, 
						{
							"keytime":  0.175926, 
							"rotation": [-0.182303, -0.282661, -0.642704,  0.688331], 
							"translation": [ 0.000000,  138.513321, -40.488083]
						}, 
						{
							"keytime":  0.185185, 
							"rotation": [-0.165734, -0.271051, -0.651990,  0.688457], 
							"translation": [ 0.000000,  143.314743, -38.451668]
						}, 
						{
							"keytime":  0.194445, 
							"rotation": [-0.142195, -0.250642, -0.662154,  0.691745], 
							"translation": [ 0.000000,  144.926682, -36.123432]
						}, 
						{
							"keytime":  0.203704, 
							"rotation": [-0.104542, -0.215498, -0.675354,  0.697516], 
							"translation": [ 0.000000,  143.331573, -32.945892]
						}, 
						{
							"keytime":  0.212963, 
							"rotation": [-0.059047, -0.171641, -0.687973,  0.702671], 
							"translation": [ 0.000000,  139.582565, -29.356110]
						}, 
						{
							"keytime":  0.222222, 
							"rotation": [-0.010194, -0.123490, -0.697885,  0.705409], 
							"translation": [ 0.000000,  134.668411, -25.603380]
						}, 
						{
							"keytime":  0.231482, 
							"rotation": [ 0.037729, -0.075408, -0.704163,  0.705014], 
							"translation": [ 0.000000,  129.435562, -21.917860]
						}, 
						{
							"keytime":  0.240741, 
							"rotation": [ 0.076278, -0.036184, -0.706626,  0.702533], 
							"translation": [ 0.000000,  125.196609, -18.852989]
						}, 
						{
							"keytime":  0.250000, 
							"rotation": [ 0.101551, -0.010233, -0.707127,  0.699681], 
							"translation": [ 0.000000,  122.788551, -16.628735]
						}, 
						{
							"keytime":  0.259259, 
							"rotation": [ 0.108043, -0.003561, -0.707098,  0.698803], 
							"translation": [ 0.000000,  123.248192, -15.570327]
						}, 
						{
							"keytime":  0.268519, 
							"rotation": [ 0.092424, -0.019338, -0.706842,  0.701041], 
							"translation": [ 0.000000,  126.681885, -15.862056]
						}, 
						{
							"keytime":  0.277778, 
							"rotation": [ 0.060761, -0.051146, -0.705255,  0.704491], 
							"translation": [ 0.000000,  132.157791, -17.123022]
						}, 
						{
							"keytime":  0.287037, 
							"rotation": [ 0.018538, -0.093218, -0.700935,  0.706864], 
							"translation": [ 0.000000,  138.915421, -19.034771]
						}, 
						{
							"keytime":  0.296296, 
							"rotation": [-0.024683, -0.135867, -0.693931,  0.706676], 
							"translation": [ 0.000000,  145.579498, -21.100231]
						}, 
						{
							"keytime":  0.305556, 
							"rotation": [-0.062958, -0.173288, -0.685544,  0.704299], 
							"translation": [ 0.000000,  151.371307, -22.988588]
						}, 
						{
							"keytime":  0.314815, 
							"rotation": [-0.089878, -0.199409, -0.678407,  0.701372], 
							"translation": [ 0.000000,  155.405472, -24.347406]
						}, 
						{
							"keytime":  0.324074, 
							"rotation": [-0.097243, -0.206526, -0.676274,  0.700389], 
							"translation": [ 0.000000,  156.501556, -24.725197]
						}, 
						{
							"keytime":  0.333334, 
							"rotation": [-0.093369, -0.202784, -0.677406,  0.700916], 
							"translation": [ 0.000000,  155.859161, -24.556686]
						}, 
						{
							"keytime":  0.342593, 
							"rotation": [-0.084627, -0.194326, -0.679880,  0.702025], 
							"translation": [ 0.000000,  154.413940, -24.175615]
						}, 
						{
							"keytime":  0.351852, 
							"rotation": [-0.071820, -0.181904, -0.683308,  0.703450], 
							"translation": [ 0.000000,  152.300613, -23.618362]
						}, 
						{
							"keytime":  0.361111, 
							"rotation": [-0.055204, -0.165733, -0.687410,  0.704949], 
							"translation": [ 0.000000,  149.564514, -22.896906]
						}, 
						{
							"keytime":  0.370371, 
							"rotation": [-0.036562, -0.147516, -0.691548,  0.706161], 
							"translation": [ 0.000000,  146.500732, -22.089050]
						}, 
						{
							"keytime":  0.379630, 
							"rotation": [-0.016261, -0.127589, -0.695500,  0.706920], 
							"translation": [ 0.000000,  143.168930, -21.210516]
						}, 
						{
							"keytime":  0.388889, 
							"rotation": [ 0.005525, -0.106102, -0.699101,  0.707085], 
							"translation": [ 0.000000,  139.595901, -20.268377]
						}, 
						{
							"keytime":  0.398149, 
							"rotation": [ 0.026677, -0.085139, -0.701962,  0.706603], 
							"translation": [ 0.000000,  136.125961, -19.353424]
						}, 
						{
							"keytime":  0.407408, 
							"rotation": [ 0.047002, -0.064902, -0.704122,  0.705543], 
							"translation": [ 0.000000,  132.788116, -18.473293]
						}, 
						{
							"keytime":  0.416667, 
							"rotation": [ 0.066213, -0.045688, -0.705629,  0.704000], 
							"translation": [ 0.000000,  129.627304, -17.639849]
						}, 
						{
							"keytime":  0.425926, 
							"rotation": [ 0.082365, -0.029469, -0.706492,  0.702293], 
							"translation": [ 0.000000,  126.963638, -16.937490]
						}, 
						{
							"keytime":  0.435186, 
							"rotation": [ 0.095259, -0.016479, -0.706915,  0.700661], 
							"translation": [ 0.000000,  124.832092, -16.375446]
						}, 
						{
							"keytime":  0.444445, 
							"rotation": [ 0.104310, -0.007337, -0.707069,  0.699371], 
							"translation": [ 0.000000,  123.332642, -15.980068]
						}, 
						{
							"keytime":  0.453704, 
							"rotation": [ 0.108223, -0.003379, -0.707099,  0.698776], 
							"translation": [ 0.000000,  122.683517, -15.808905]
						}, 
						{
							"keytime":  0.462963, 
							"rotation": [ 0.101637, -0.010038, -0.707036,  0.699764], 
							"translation": [ 0.000000,  123.775696, -16.096893]
						}, 
						{
							"keytime":  0.472223, 
							"rotation": [ 0.076346, -0.035519, -0.706214,  0.702973], 
							"translation": [ 0.000000,  127.956894, -17.199394]
						}, 
						{
							"keytime":  0.481482, 
							"rotation": [ 0.039746, -0.072139, -0.703417,  0.705989], 
							"translation": [ 0.000000,  133.980392, -18.787680]
						}, 
						{
							"keytime":  0.490741, 
							"rotation": [-0.002232, -0.113764, -0.697895,  0.707103], 
							"translation": [ 0.000000,  140.867966, -20.603796]
						}, 
						{
							"keytime":  0.500001, 
							"rotation": [-0.044150, -0.154940, -0.689923,  0.705727], 
							"translation": [ 0.000000,  147.747147, -22.417704]
						}, 
						{
							"keytime":  0.509260, 
							"rotation": [-0.076911, -0.186847, -0.681974,  0.702912], 
							"translation": [ 0.000000,  153.140167, -23.839739]
						}, 
						{
							"keytime":  0.518519, 
							"rotation": [-0.095375, -0.204722, -0.676822,  0.700646], 
							"translation": [ 0.000000,  156.191071, -24.644205]
						}, 
						{
							"keytime":  0.527778, 
							"rotation": [-0.096358, -0.205672, -0.676534,  0.700511], 
							"translation": [ 0.000000,  156.353928, -24.687143]
						}, 
						{
							"keytime":  0.537038, 
							"rotation": [-0.090459, -0.199971, -0.678241,  0.701297], 
							"translation": [ 0.000000,  155.377914, -24.429792]
						}, 
						{
							"keytime":  0.546297, 
							"rotation": [-0.080023, -0.189865, -0.681139,  0.702564], 
							"translation": [ 0.000000,  153.653748, -23.975157]
						}, 
						{
							"keytime":  0.555556, 
							"rotation": [-0.065352, -0.175617, -0.684951,  0.704081], 
							"translation": [ 0.000000,  151.234909, -23.337360]
						}, 
						{
							"keytime":  0.564816, 
							"rotation": [-0.048109, -0.158809, -0.689042,  0.705469], 
							"translation": [ 0.000000,  148.397873, -22.589283]
						}, 
						{
							"keytime":  0.574075, 
							"rotation": [-0.028716, -0.139826, -0.693144,  0.706524], 
							"translation": [ 0.000000,  145.212738, -21.749428]
						}, 
						{
							"keytime":  0.583334, 
							"rotation": [-0.007349, -0.118812, -0.697053,  0.707069], 
							"translation": [ 0.000000,  141.707214, -20.825085]
						}, 
						{
							"keytime":  0.592593, 
							"rotation": [ 0.013904, -0.097809, -0.700309,  0.706970], 
							"translation": [ 0.000000,  138.221527, -19.905977]
						}, 
						{
							"keytime":  0.601853, 
							"rotation": [ 0.034829, -0.077034, -0.702898,  0.706249], 
							"translation": [ 0.000000,  134.787857, -19.000587]
						}, 
						{
							"keytime":  0.611112, 
							"rotation": [ 0.055163, -0.056731, -0.704827,  0.704952], 
							"translation": [ 0.000000,  131.444672, -18.119053]
						}, 
						{
							"keytime":  0.620371, 
							"rotation": [ 0.072916, -0.038966, -0.706032,  0.703337], 
							"translation": [ 0.000000,  128.522781, -17.348606]
						}, 
						{
							"keytime":  0.629630, 
							"rotation": [ 0.087877, -0.023920, -0.706702,  0.701625], 
							"translation": [ 0.000000,  126.052979, -16.697367]
						}, 
						{
							"keytime":  0.638889, 
							"rotation": [ 0.099551, -0.012146, -0.707003,  0.700064], 
							"translation": [ 0.000000,  124.121307, -16.188025]
						}, 
						{
							"keytime":  0.648149, 
							"rotation": [ 0.106464, -0.005158, -0.707088,  0.699046], 
							"translation": [ 0.000000,  122.975319, -15.885859]
						}, 
						{
							"keytime":  0.657408, 
							"rotation": [ 0.108044, -0.003560, -0.707098,  0.698804], 
							"translation": [ 0.000000,  122.718765, -15.815929]
						}, 
						{
							"keytime":  0.666667, 
							"rotation": [ 0.095554, -0.016180, -0.706922,  0.700621], 
							"translation": [ 0.000000,  125.024940, -16.326538]
						}, 
						{
							"keytime":  0.675926, 
							"rotation": [ 0.069587, -0.042303, -0.705840,  0.703674], 
							"translation": [ 0.000000,  129.744019, -17.393087]
						}, 
						{
							"keytime":  0.685186, 
							"rotation": [ 0.034708, -0.077154, -0.702885,  0.706254], 
							"translation": [ 0.000000,  135.946014, -18.836401]
						}, 
						{
							"keytime":  0.694445, 
							"rotation": [-0.005425, -0.116915, -0.697374,  0.707086], 
							"translation": [ 0.000000,  142.872910, -20.521463]
						}, 
						{
							"keytime":  0.703704, 
							"rotation": [-0.043442, -0.154249, -0.690077,  0.705771], 
							"translation": [ 0.000000,  149.146683, -22.161520]
						}, 
						{
							"keytime":  0.712963, 
							"rotation": [-0.075558, -0.185534, -0.682332,  0.703059], 
							"translation": [ 0.000000,  154.007980, -23.618568]
						}, 
						{
							"keytime":  0.722223, 
							"rotation": [-0.096881, -0.206176, -0.676381,  0.700439], 
							"translation": [ 0.000000,  156.479828, -24.704237]
						}, 
						{
							"keytime":  0.731482, 
							"rotation": [-0.110062, -0.218885, -0.672376,  0.698489], 
							"translation": [ 0.000000,  157.075272, -25.504021]
						}, 
						{
							"keytime":  0.740741, 
							"rotation": [-0.120115, -0.228550, -0.669152,  0.696831], 
							"translation": [ 0.000000,  156.969589, -26.176489]
						}, 
						{
							"keytime":  0.750000, 
							"rotation": [-0.127755, -0.235880, -0.666603,  0.695470], 
							"translation": [ 0.000000,  156.241074, -26.766457]
						}, 
						{
							"keytime":  0.759260, 
							"rotation": [-0.133312, -0.241202, -0.664696,  0.694427], 
							"translation": [ 0.000000,  154.873550, -27.305662]
						}, 
						{
							"keytime":  0.768519, 
							"rotation": [-0.136654, -0.244400, -0.663527,  0.693777], 
							"translation": [ 0.000000,  152.980652, -27.779324]
						}, 
						{
							"keytime":  0.777778, 
							"rotation": [-0.138168, -0.245848, -0.662992,  0.693477], 
							"translation": [ 0.000000,  150.563629, -28.220936]
						}, 
						{
							"keytime":  0.787037, 
							"rotation": [-0.138013, -0.245700, -0.663047,  0.693508], 
							"translation": [ 0.000000,  147.559708, -28.660084]
						}, 
						{
							"keytime":  0.796297, 
							"rotation": [-0.136385, -0.244143, -0.663622,  0.693830], 
							"translation": [ 0.000000,  144.178787, -29.087856]
						}, 
						{
							"keytime":  0.805556, 
							"rotation": [-0.133493, -0.241377, -0.664633,  0.694392], 
							"translation": [-0.000470,  140.376236, -29.534092]
						}, 
						{
							"keytime":  0.814815, 
							"rotation": [-0.128843, -0.236923, -0.666234,  0.695269], 
							"translation": [ 0.031802,  135.786285, -30.028122]
						}, 
						{
							"keytime":  0.824074, 
							"rotation": [-0.118122, -0.226636, -0.669803,  0.697171], 
							"translation": [ 0.309516,  128.638885, -30.516695]
						}, 
						{
							"keytime":  0.833334, 
							"rotation": [-0.100863, -0.210020, -0.675197,  0.699876], 
							"translation": [ 0.648026,  119.323479, -30.979517]
						}, 
						{
							"keytime":  0.842593, 
							"rotation": [-0.077202, -0.187129, -0.681896,  0.702880], 
							"translation": [ 0.768243,  108.705795, -31.396582]
						}, 
						{
							"keytime":  0.851852, 
							"rotation": [-0.049531, -0.160198, -0.688721,  0.705370], 
							"translation": [ 0.385605,  98.615028, -31.713316]
						}, 
						{
							"keytime":  0.861111, 
							"rotation": [-0.013094, -0.124472, -0.696065,  0.706986], 
							"translation": [-1.064254,  89.396530, -31.771057]
						}, 
						{
							"keytime":  0.870371, 
							"rotation": [ 0.045174, -0.066726, -0.703951,  0.705662], 
							"translation": [-4.330492,  79.527771, -31.270170]
						}, 
						{
							"keytime":  0.879630, 
							"rotation": [ 0.100990, -0.010692, -0.707026,  0.699858], 
							"translation": [-7.610837,  70.331940, -30.937098]
						}, 
						{
							"keytime":  0.888889, 
							"rotation": [ 0.132054,  0.020802, -0.706801,  0.694667], 
							"translation": [-9.167844,  62.536598, -31.544577]
						}, 
						{
							"keytime":  0.898148, 
							"rotation": [ 0.138014,  0.026870, -0.706596,  0.693507], 
							"translation": [-7.719688,  56.278793, -34.236458]
						}, 
						{
							"keytime":  0.907408, 
							"rotation": [ 0.135391,  0.024199, -0.706693,  0.694024], 
							"translation": [-4.518258,  51.463345, -38.087456]
						}, 
						{
							"keytime":  0.916667, 
							"rotation": [ 0.126919,  0.015580, -0.706935,  0.695623], 
							"translation": [-1.284246,  47.764400, -41.229916]
						}, 
						{
							"keytime":  0.925926, 
							"rotation": [ 0.114366,  0.002841, -0.707101,  0.697797], 
							"translation": [ 0.393102,  45.035511, -41.712746]
						}, 
						{
							"keytime":  0.935185, 
							"rotation": [ 0.100685, -0.011000, -0.707021,  0.699902], 
							"translation": [ 0.666573,  43.604885, -39.090446]
						}, 
						{
							"keytime":  0.944445, 
							"rotation": [ 0.087769, -0.024028, -0.706699,  0.701638], 
							"translation": [ 0.349685,  43.191505, -35.329979]
						}, 
						{
							"keytime":  0.953704, 
							"rotation": [ 0.077632, -0.034227, -0.706278,  0.702832], 
							"translation": [ 0.015095,  43.535187, -32.495579]
						}, 
						{
							"keytime":  0.962963, 
							"rotation": [ 0.071582, -0.040306, -0.705957,  0.703474], 
							"translation": [ 0.000078,  44.507843, -31.943806]
						}, 
						{
							"keytime":  0.972222, 
							"rotation": [ 0.066809, -0.045090, -0.705668,  0.703944], 
							"translation": [-0.000005,  46.161846, -32.336319]
						}, 
						{
							"keytime":  0.981481, 
							"rotation": [ 0.062769, -0.049141, -0.705397,  0.704315], 
							"translation": [ 0.000000,  48.230118, -33.267857]
						}, 
						{
							"keytime":  0.990741, 
							"rotation": [ 0.059345, -0.052569, -0.705150,  0.704612], 
							"translation": [ 0.000000,  50.243378, -34.291264]
						}, 
						{
							"keytime":  1.000000, 
							"rotation": [ 0.056056, -0.055857, -0.704897,  0.704881], 
							"scale": [ 1.000000,  1.000000,  1.000000], 
							"translation": [ 0.000000,  51.905392, -35.031250]
						}
					]
				}, 
				{
					"boneId": "Bip01 Pelvis", 
					"keyframes": [
						{
							"keytime":  0.000000, 
							"rotation": [-0.500000, -0.500000, -0.500000,  0.500000], 
							"scale": [ 1.000000,  1.000000,  1.000000], 
							"translation": [ 0.000000,  0.000000,  0.000000]
						}, 
						{
							"keytime":  1.000000, 
							"rotation": [-0.500000, -0.500000, -0.500000,  0.500000], 
							"scale": [ 1.000000,  1.000000,  1.000000], 
							"translation": [ 0.000000,  0.000000,  0.000000]
						}
					]
				}, 
				{
					"boneId": "Bip01 Spine", 
					"keyframes": [
						{
							"keytime":  0.000000, 
							"rotation": [ 0.007309, -0.019829, -0.138159,  0.990185], 
							"scale": [ 1.000000,  1.000000,  1.000000], 
							"translation": [ 28.792740, -0.017647, -0.000326]
						}, 
						{
							"keytime":  0.009259, 
							"rotation": [ 0.007182, -0.019852, -0.117906,  0.992800], 
							"translation": [ 28.793470, -0.017840, -0.000307]
						}, 
						{
							"keytime":  0.018519, 
							"rotation": [ 0.007041, -0.019867, -0.095797,  0.995178], 
							"translation": [ 28.794266, -0.018010, -0.000286]
						}, 
						{
							"keytime":  0.027778, 
							"rotation": [ 0.006939, -0.019872, -0.080137,  0.996562], 
							"translation": [ 28.794834, -0.018116, -0.000273]
						}, 
						{
							"keytime":  0.037037, 
							"rotation": [ 0.006937, -0.019872, -0.079842,  0.996585], 
							"translation": [ 28.794844, -0.018116, -0.000272]
						}, 
						{
							"keytime":  0.046296, 
							"rotation": [ 0.007014, -0.019869, -0.091621,  0.995571], 
							"translation": [ 28.794415, -0.018038, -0.000282]
						}, 
						{
							"keytime":  0.055556, 
							"rotation": [ 0.007133, -0.019858, -0.110161,  0.993690], 
							"translation": [ 28.793743, -0.017907, -0.000300]
						}, 
						{
							"keytime":  0.064815, 
