{
	"version": "0.7", 
	"id": "", 
	"meshes": [], 
	"materials": [], 
	"nodes": [
		{
			"id": "Bip001", 
			"skeleton": false, 
			"transform": [ 0.000000, -1.000000, -0.000000,  0.000000,  1.000000,  0.000000, -0.000001,  0.000000,  0.000001, -0.000000,  1.000000,  0.000000, -0.000000,  38.615593, -28.747948,  1.000000], 
			"children": [
				{
					"id": "Bip001 Pelvis", 
					"skeleton": false, 
					"transform": [ 0.000000, -0.000000,  1.000000,  0.000000,  1.000000,  0.000001, -0.000000,  0.000000, -0.000001,  1.000000,  0.000000,  0.000000,  0.000000,  0.000000,  0.000000,  1.000000], 
					"children": [
						{
							"id": "Bip001 Spine", 
							"skeleton": false, 
							"transform": [ 0.999924, -0.012322,  0.000001,  0.000000,  0.012322,  0.999924, -0.000004,  0.000000, -0.000001,  0.000004,  1.000000,  0.000000,  18.405064, -0.016678,  0.000026,  1.000000], 
							"children": [
								{
									"id": "Bip001 Spine1", 
									"skeleton": false, 
									"transform": [ 0.751176, -0.660102, -0.000002,  0.000000,  0.660102,  0.751176, -0.000001,  0.000000,  0.000002, -0.000001,  1.000000,  0.000000,  20.933748, -0.014942, -0.000000,  1.000000], 
									"children": [
										{
											"id": "Bip001 Neck", 
											"skeleton": false, 
											"transform": [ 0.903533, -0.428518, -0.000001,  0.000000,  0.428518,  0.903533, -0.000000,  0.000000,  0.000001, -0.000000,  1.000000,  0.000000,  27.054401, -6.547060, -0.000009,  1.000000], 
											"children": [
												{
													"id": "Bip001 Neck1", 
													"skeleton": false, 
													"transform": [ 1.000000, -0.000000, -0.000000,  0.000000, -0.000000,  1.000000, -0.000000,  0.000000,  0.000000,  0.000000,  1.000000,  0.000000,  14.550201, -0.012465, -0.000000,  1.000000], 
													"children": [
														{
															"id": "Bip001 Neck2", 
															"skeleton": false, 
															"transform": [ 1.000000, -0.000000, -0.000000,  0.000000,  0.000000,  1.000000, -0.000000,  0.000000,  0.000000,  0.000000,  1.000000,  0.000000,  15.651146, -0.009678, -0.000000,  1.000000], 
															"children": [
																{
																	"id": "Bip001 Head", 
																	"skeleton": false, 
																	"transform": [-0.277794,  0.960641,  0.000003,  0.000000, -0.960641, -0.277794, -0.000004,  0.000000, -0.000003, -0.000004,  1.000000,  0.000000,  12.160355, -0.000004,  0.000000,  1.000000], 
																	"children": [
																		{
																			"id": "Bone008", 
																			"skeleton": false, 
																			"transform": [ 0.999891,  0.014765, -0.000001,  0.000000,  0.014765, -0.999891, -0.000002,  0.000000, -0.000001,  0.000002, -1.000000,  0.000000,  11.188801,  11.687973, -0.471924,  1.000000]
																		}, 
																		{
																			"id": "Bone020", 
																			"skeleton": false, 
																			"transform": [-0.807144,  0.590354,  0.000002,  0.000000,  0.590354,  0.807144,  0.000001,  0.000000, -0.000000,  0.000002, -1.000000,  0.000000,  9.345459,  13.058235, -7.899499,  1.000000]
																		}, 
																		{
																			"id": "Bone021", 
																			"skeleton": false, 
																			"transform": [-0.807144,  0.590354,  0.000002,  0.000000,  0.590354,  0.807144,  0.000001,  0.000000, -0.000000,  0.000002, -1.000000,  0.000000,  18.984898, -10.120834,  4.878104,  1.000000]
																		}
																	]
																}
															]
														}
													]
												}, 
												{
													"id": "Bip001 L Clavicle", 
													"skeleton": false, 
													"transform": [-0.370119, -0.175178,  0.912318,  0.000000,  0.427798, -0.903874, -0.000003,  0.000000,  0.824621,  0.390287,  0.409482,  0.000000, -12.637360,  5.447933,  3.307568,  1.000000], 
													"children": [
														{
															"id": "Bip001 L UpperArm", 
															"skeleton": false, 
															"transform": [ 0.353307, -0.064583, -0.933276,  0.000000,  0.092049,  0.995173, -0.034019,  0.000000,  0.930968, -0.073888,  0.357546,  0.000000,  21.184811,  0.000000, -0.000000,  1.000000], 
															"children": [
																{
																	"id": "Bip001 L Forearm", 
																	"skeleton": false, 
																	"transform": [ 0.083652, -0.996495, -0.000000,  0.000000,  0.996495,  0.083652, -0.000000,  0.000000, -0.000000,  0.000000,  1.000000,  0.000000,  26.685913, -0.000004,  0.000000,  1.000000], 
																	"children": [
																		{
																			"id": "Bip001 L Hand", 
																			"skeleton": false, 
																			"transform": [ 0.672187, -0.739842,  0.028277,  0.000000,  0.069699,  0.025210, -0.997249,  0.000000,  0.737094,  0.672309,  0.068512,  0.000000,  24.936102, -0.000002, -0.000002,  1.000000], 
																			"children": [
																				{
																					"id": "Bip001 L Finger0", 
																					"skeleton": false, 
																					"transform": [ 0.997069,  0.076504, -0.000061,  0.000000, -0.076504,  0.997069, -0.000794,  0.000000,  0.000000,  0.000796,  1.000000,  0.000000,  8.398808, -0.000002,  0.000000,  1.000000]
																				}
																			]
																		}
																	]
																}
															]
														}
													]
												}, 
												{
													"id": "Bip001 R Clavicle", 
													"skeleton": false, 
													"transform": [-0.370119, -0.175173, -0.912319,  0.000000,  0.427798, -0.903874, -0.000002,  0.000000, -0.824621, -0.390289,  0.409480,  0.000000, -12.637360,  5.447952, -3.307555,  1.000000], 
													"children": [
														{
															"id": "Bip001 R UpperArm", 
															"skeleton": false, 
															"transform": [ 0.353306, -0.064582,  0.933276,  0.000000,  0.092049,  0.995173,  0.034019,  0.000000, -0.930968,  0.073888,  0.357546,  0.000000,  21.184813,  0.000004, -0.000004,  1.000000], 
															"children": [
																{
																	"id": "Bip001 R Forearm", 
																	"skeleton": false, 
																	"transform": [ 0.083651, -0.996495,  0.000000,  0.000000,  0.996495,  0.083651, -0.000000,  0.000000,  0.000000,  0.000000,  1.000000,  0.000000,  26.685915, -0.000002,  0.000002,  1.000000], 
																	"children": [
																		{
																			"id": "Bip001 R Hand", 
																			"skeleton": false, 
																			"transform": [ 0.672186, -0.739842, -0.028277,  0.000000,  0.069699,  0.025210,  0.997249,  0.000000, -0.737094, -0.672309,  0.068513,  0.000000,  24.936096,  0.000002, -0.000002,  1.000000], 
																			"children": [
																				{
																					"id": "Bip001 R Finger0", 
																					"skeleton": false, 
																					"transform": [ 0.997069,  0.076504,  0.000061,  0.000000, -0.076504,  0.997069,  0.000794,  0.000000,  0.000000, -0.000796,  1.000000,  0.000000,  8.398806, -0.000002,  0.000000,  1.000000]
																				}
																			]
																		}
																	]
																}
															]
														}
													]
												}
											]
										}
									]
								}, 
								{
									"id": "Bip001 L Thigh", 
									"skeleton": false, 
									"transform": [-0.580100,  0.810494,  0.081141,  0.000000,  0.813743,  0.581067,  0.013559,  0.000000, -0.036159,  0.073893, -0.996610,  0.000000, -18.403870, -0.210175,  22.712976,  1.000000], 
									"children": [
										{
											"id": "Bip001 L Calf", 
											"skeleton": false, 
											"transform": [ 0.607156, -0.794582, -0.000000,  0.000000,  0.794583,  0.607156, -0.000000,  0.000000, -0.000000, -0.000000,  1.000000,  0.000000,  14.998018, -0.000004,  0.000000,  1.000000], 
											"children": [
												{
													"id": "Bip001 L HorseLink", 
													"skeleton": false, 
													"transform": [-0.298434,  0.954430, -0.000000,  0.000000, -0.954430, -0.298434, -0.000000,  0.000000, -0.000000,  0.000000,  1.000000,  0.000000,  15.489437,  0.000002, -0.000000,  1.000000], 
													"children": [
														{
															"id": "Bip001 L Foot", 
															"skeleton": false, 
															"transform": [ 0.934403, -0.348173,  0.075278,  0.000000,  0.351273,  0.935711, -0.032427,  0.000000, -0.059148,  0.056743,  0.996635,  0.000000,  22.626625,  0.000000, -0.000000,  1.000000], 
															"children": [
																{
																	"id": "Bip001 L Toe0", 
																	"skeleton": false, 
																	"transform": [-0.000000,  1.000000, -0.000000,  0.000000, -1.000000, -0.000000,  0.000000,  0.000000,  0.000000,  0.000000,  1.000000,  0.000000,  4.242894,  7.186111,  0.000000,  1.000000]
																}
															]
														}
													]
												}
											]
										}
									]
								}, 
								{
									"id": "Bip001 R Thigh", 
									"skeleton": false, 
									"transform": [-0.580096,  0.810498, -0.081136,  0.000000,  0.813746,  0.581063, -0.013555,  0.000000,  0.036159, -0.073887, -0.996611,  0.000000, -18.403870, -0.210045, -22.712980,  1.000000], 
									"children": [
										{
											"id": "Bip001 R Calf", 
											"skeleton": false, 
											"transform": [ 0.607149, -0.794588,  0.000000,  0.000000,  0.794588,  0.607149, -0.000000,  0.000000, -0.000000,  0.000000,  1.000000,  0.000000,  14.998020, -0.000000,  0.000000,  1.000000], 
											"children": [
												{
													"id": "Bip001 R HorseLink", 
													"skeleton": false, 
													"transform": [-0.298435,  0.954430, -0.000000,  0.000000, -0.954430, -0.298435,  0.000000,  0.000000,  0.000000,  0.000000,  1.000000,  0.000000,  15.489433,  0.000000,  0.000002,  1.000000], 
													"children": [
														{
															"id": "Bip001 R Foot", 
															"skeleton": false, 
															"transform": [ 0.934404, -0.348170, -0.075278,  0.000000,  0.351270,  0.935713,  0.032427,  0.000000,  0.059148, -0.056743,  0.996635,  0.000000,  22.626621,  0.000000, -0.000000,  1.000000], 
															"children": [
																{
																	"id": "Bip001 R Toe0", 
																	"skeleton": false, 
																	"transform": [ 0.000000,  1.000000,  0.000000,  0.000000, -1.000000,  0.000000,  0.000000,  0.000000,  0.000000, -0.000000,  1.000000,  0.000000,  4.242894,  7.186111,  0.000000,  1.000000]
																}
															]
														}
													]
												}
											]
										}
									]
								}, 
								{
									"id": "Bone009", 
									"skeleton": false, 
									"transform": [-0.267852, -0.863935, -0.426464,  0.000000, -0.621709, -0.183161,  0.761531,  0.000000, -0.736025,  0.469115, -0.488056,  0.000000,  27.553902, -10.950542, -9.719006,  1.000000], 
									"children": [
										{
											"id": "Bone010", 
											"skeleton": false, 
											"transform": [ 0.995792,  0.079431, -0.045714,  0.000000, -0.078924,  0.996798,  0.012801,  0.000000,  0.046584, -0.009140,  0.998873,  0.000000,  13.182178,  0.000007, -0.000002,  1.000000], 
											"children": [
												{
													"id": "Bone011", 
													"skeleton": false, 
													"transform": [ 0.995737,  0.069998, -0.060068,  0.000000, -0.060633,  0.987482,  0.145612,  0.000000,  0.069508, -0.141349,  0.987517,  0.000000,  12.214516,  0.000000,  0.000004,  1.000000], 
													"children": [
														{
															"id": "Bone012", 
															"skeleton": false, 
															"transform": [ 0.975221, -0.220102, -0.022372,  0.000000,  0.185417,  0.868303, -0.460078,  0.000000,  0.120689,  0.444529,  0.887597,  0.000000,  9.329399, -0.000010,  0.000017,  1.000000], 
															"children": [
																{
																	"id": "Bone013", 
																	"skeleton": false, 
																	"transform": [-0.068894,  0.145161,  0.987007,  0.000000, -0.761796, -0.646460,  0.041902,  0.000000,  0.644143, -0.749011,  0.155120,  0.000000,  33.403603, -0.462242, -0.974588,  1.000000], 
																	"children": [
																		{
																			"id": "Bone014", 
																			"skeleton": false, 
																			"transform": [ 0.961004,  0.212002, -0.177560,  0.000000, -0.215689,  0.976461, -0.001496,  0.000000,  0.173063,  0.039736,  0.984109,  0.000000,  26.648247,  0.000084,  0.000008,  1.000000], 
																			"children": [
																				{
																					"id": "Bone015", 
																					"skeleton": false, 
																					"transform": [ 0.996705,  0.032113, -0.074484,  0.000000, -0.031882,  0.999482,  0.004279,  0.000000,  0.074583, -0.001890,  0.997213,  0.000000,  19.002121, -0.000008, -0.000008,  1.000000], 
																					"children": [
																						{
																							"id": "Bone016", 
																							"skeleton": false, 
																							"transform": [ 0.967476,  0.211247, -0.139156,  0.000000, -0.210128,  0.977407,  0.022855,  0.000000,  0.140840,  0.007129,  0.990007,  0.000000,  19.111547, -0.000031, -0.000004,  1.000000], 
																							"children": [
																								{
																									"id": "Bone017", 
																									"skeleton": false, 
																									"transform": [ 0.973578,  0.178496, -0.142425,  0.000000, -0.179309,  0.983767,  0.007211,  0.000000,  0.141400,  0.018518,  0.989779,  0.000000,  35.373386,  0.000000, -0.000072,  1.000000]
																								}
																							]
																						}
																					]
																				}
																			]
																		}
																	]
																}, 
																{
																	"id": "Bone019", 
																	"skeleton": false, 
																	"transform": [-0.610609,  0.057322,  0.789855,  0.000000,  0.786931, -0.067999,  0.613284,  0.000000,  0.088864,  0.996037, -0.003587,  0.000000,  30.182144, -0.998238,  3.582754,  1.000000]
																}
															]
														}
													]
												}
											]
										}
									]
								}, 
								{
									"id": "Bone009(mirrored)", 
									"skeleton": false, 
									"transform": [-0.430845, -0.758838,  0.488403,  0.000000,  0.414825,  0.314104,  0.853966,  0.000000, -0.801431,  0.570529,  0.179455,  0.000000,  29.293552, -10.102123,  7.745098,  1.000000], 
									"children": [
										{
											"id": "Bone010(mirrored)", 
											"skeleton": false, 
											"transform": [ 0.955244, -0.285702, -0.076707,  0.000000,  0.270729,  0.948829, -0.162572,  0.000000,  0.119229,  0.134529,  0.983710,  0.000000,  13.182178,  0.000001, -0.000004,  1.000000], 
											"children": [
												{
													"id": "Bone011(mirrored)", 
													"skeleton": false, 
													"transform": [ 0.985123,  0.039860, -0.167163,  0.000000, -0.082833,  0.962410, -0.258660,  0.000000,  0.150569,  0.268659,  0.951395,  0.000000,  12.214512, -0.000006,  0.000008,  1.000000], 
													"children": [
														{
															"id": "Bone012(mirrored)", 
															"skeleton": false, 
															"transform": [ 0.899345,  0.404874, -0.165091,  0.000000, -0.358550,  0.898995,  0.251494,  0.000000,  0.250239, -0.166987,  0.953675,  0.000000,  9.329399,  0.000004,  0.000023,  1.000000], 
															"children": [
																{
																	"id": "Bone019(mirrored)", 
																	"skeleton": false, 
																	"transform": [-0.760828, -0.083091,  0.643612,  0.000000, -0.628681, -0.151584, -0.762747,  0.000000,  0.160939, -0.984946,  0.063091,  0.000000,  30.182152,  0.998234,  3.582756,  1.000000]
																}, 
																{
																	"id": "Bone013(mirrored)", 
																	"skeleton": false, 
																	"transform": [-0.079315, -0.249938,  0.965008,  0.000000,  0.833186, -0.548089, -0.073476,  0.000000,  0.547275,  0.798204,  0.251716,  0.000000,  33.403603,  0.462229, -0.974586,  1.000000], 
																	"children": [
																		{
																			"id": "Bone014(mirrored)", 
																			"skeleton": false, 
																			"transform": [ 0.971792, -0.155725, -0.177113,  0.000000,  0.177739,  0.977215,  0.116017,  0.000000,  0.155010, -0.144224,  0.977328,  0.000000,  26.648258, -0.000099,  0.000027,  1.000000], 
																			"children": [
																				{
																					"id": "Bone015(mirrored)", 
																					"skeleton": false, 
																					"transform": [ 0.996980,  0.023418, -0.074052,  0.000000, -0.016617,  0.995697,  0.091162,  0.000000,  0.075869, -0.089657,  0.993079,  0.000000,  19.002117,  0.000023,  0.000011,  1.000000], 
																					"children": [
																						{
																							"id": "Bone016(mirrored)", 
																							"skeleton": false, 
																							"transform": [ 0.941525, -0.314146, -0.121833,  0.000000,  0.320021,  0.946884,  0.031581,  0.000000,  0.105441, -0.068724,  0.992048,  0.000000,  19.111538,  0.000023, -0.000013,  1.000000], 
																							"children": [
																								{
																									"id": "Bone017(mirrored)", 
																									"skeleton": false, 
																									"transform": [ 0.955304, -0.268502, -0.123701,  0.000000,  0.273921,  0.961322,  0.028782,  0.000000,  0.111188, -0.061379,  0.991902,  0.000000,  35.373371,  0.000015, -0.000069,  1.000000]
																								}
																							]
																						}
																					]
																				}
																			]
																		}
																	]
																}
															]
														}
													]
												}
											]
										}
									]
								}
							]
						}
					]
				}, 
				{
					"id": "Bone001", 
					"skeleton": false, 
					"transform": [ 0.343186,  0.380789, -0.858617,  0.000000,  0.928574, -0.000002,  0.371147,  0.000000,  0.141327, -0.924662, -0.353591,  0.000000, -0.862537, -0.472013, -14.990080,  1.000000], 
					"children": [
						{
							"id": "Bone002", 
							"skeleton": false, 
							"transform": [ 0.998850,  0.002117,  0.047889,  0.000000, -0.002045,  0.999997, -0.001564,  0.000000, -0.047892,  0.001464,  0.998851,  0.000000,  19.536118,  0.000008, -0.000001,  1.000000], 
							"children": [
								{
									"id": "Bone003", 
									"skeleton": false, 
									"transform": [ 0.986161, -0.067905,  0.151247,  0.000000,  0.070060,  0.997503, -0.008953,  0.000000, -0.150261,  0.019425,  0.988455,  0.000000,  19.962727,  0.000000, -0.000001,  1.000000], 
									"children": [
										{
											"id": "Bone004", 
											"skeleton": false, 
											"transform": [ 0.959550, -0.034283,  0.279443,  0.000000,  0.040201,  0.999072, -0.015473,  0.000000, -0.278653,  0.026080,  0.960038,  0.000000,  21.277252,  0.000004,  0.000005,  1.000000], 
											"children": [
												{
													"id": "Bone005", 
													"skeleton": false, 
													"transform": [ 0.913960,  0.071471,  0.399461,  0.000000, -0.072078,  0.997307, -0.013524,  0.000000, -0.399352, -0.016432,  0.916650,  0.000000,  21.567818,  0.000000,  0.000006,  1.000000], 
													"children": [
														{
															"id": "Bone006", 
															"skeleton": false, 
															"transform": [ 0.931914, -0.019518,  0.362154,  0.000000,  0.024837,  0.999641, -0.010037,  0.000000, -0.361829,  0.018348,  0.932064,  0.000000,  16.923996, -0.000084, -0.000008,  1.000000], 
															"children": [
																{
																	"id": "Bone007", 
																	"skeleton": false, 
																	"transform": [ 1.000000,  0.000000,  0.000000,  0.000000, -0.000000,  1.000000, -0.000000,  0.000000, -0.000000,  0.000000,  1.000000,  0.000000,  16.936516,  0.000004,  0.000008,  1.000000]
																}
															]
														}
													]
												}
											]
										}
									]
								}
							]
						}
					]
				}
			]
		}
	], 
	"animations": [
		{
			"id": "Take 001", 
			"length":  6.933000, 
			"bones": [
				{
					"boneId": "Bone019", 
					"keyframes": [
						{
							"keytime":  0.000000, 
							"rotation": [ 0.339477,  0.621731,  0.647113, -0.281871], 
							"scale": [ 1.000000,  1.000000,  1.000000], 
							"translation": [ 30.182140, -0.998238,  3.582756]
						}, 
						{
							"keytime":  0.005001, 
							"rotation": [ 0.339295,  0.621787,  0.647189, -0.281791]
						}, 
						{
							"keytime":  0.010001, 
							"rotation": [ 0.338760,  0.621952,  0.647413, -0.281558]
						}, 
						{
							"keytime":  0.015002, 
							"rotation": [ 0.337853,  0.622229,  0.647791, -0.281163]
						}, 
						{
							"keytime":  0.020002, 
							"rotation": [ 0.336642,  0.622596,  0.648297, -0.280638]
						}, 
						{
							"keytime":  0.025002, 
							"rotation": [ 0.335117,  0.623052,  0.648932, -0.279981]
						}, 
						{
							"keytime":  0.030003, 
							"rotation": [ 0.333292,  0.623590,  0.649692, -0.279199]
						}, 
						{
							"keytime":  0.035003, 
							"rotation": [ 0.331111,  0.624220,  0.650600, -0.278271]
						}, 
						{
							"keytime":  0.040004, 
							"rotation": [ 0.328714,  0.624898,  0.651595, -0.277260]
						}, 
						{
							"keytime":  0.045005, 
							"rotation": [ 0.325969,  0.625656,  0.652733, -0.276113]
						}, 
						{
							"keytime":  0.050005, 
							"rotation": [ 0.323051,  0.626439,  0.653941, -0.274907]
						}, 
						{
							"keytime":  0.055006, 
							"rotation": [ 0.319894,  0.627261,  0.655245, -0.273617]
						}, 
						{
							"keytime":  0.060006, 
							"rotation": [ 0.316405,  0.628139,  0.656682, -0.272209]
						}, 
						{
							"keytime":  0.065007, 
							"rotation": [ 0.312802,  0.629013,  0.658163, -0.270774]
						}, 
						{
							"keytime":  0.070007, 
							"rotation": [ 0.308998,  0.629900,  0.659723, -0.269280]
						}, 
						{
							"keytime":  0.075008, 
							"rotation": [ 0.304883,  0.630818,  0.661406, -0.267687]
						}, 
						{
							"keytime":  0.080008, 
							"rotation": [ 0.300712,  0.631707,  0.663107, -0.266097]
						}, 
						{
							"keytime":  0.085009, 
							"rotation": [ 0.296379,  0.632585,  0.664869, -0.264471]
						}, 
						{
							"keytime":  0.090009, 
							"rotation": [ 0.291762,  0.633471,  0.666741, -0.262767]
						}, 
						{
							"keytime":  0.095009, 
							"rotation": [ 0.287145,  0.634306,  0.668606, -0.261093]
						}, 
						{
							"keytime":  0.100010, 
							"rotation": [ 0.282410,  0.635110,  0.670514, -0.259405]
						}, 
						{
							"keytime":  0.105010, 
							"rotation": [ 0.277571,  0.635879,  0.672456, -0.257711]
						}, 
						{
							"keytime":  0.110011, 
							"rotation": [ 0.272492,  0.636629,  0.674487, -0.255966]
						}, 
						{
							"keytime":  0.115011, 
							"rotation": [ 0.267489,  0.637311,  0.676481, -0.254279]
						}, 
						{
							"keytime":  0.120012, 
							"rotation": [ 0.262429,  0.637944,  0.678490, -0.252604]
						}, 
						{
							"keytime":  0.125012, 
							"rotation": [ 0.257172,  0.638543,  0.680570, -0.250898]
						}, 
						{
							"keytime":  0.130013, 
							"rotation": [ 0.252045,  0.639069,  0.682590, -0.249267]
						}, 
						{
							"keytime":  0.135013, 
							"rotation": [ 0.246910,  0.639540,  0.684606, -0.247665]
						}, 
						{
							"keytime":  0.140014, 
							"rotation": [ 0.241630,  0.639967,  0.686670, -0.246051]
						}, 
						{
							"keytime":  0.145014, 
							"rotation": [ 0.236532,  0.640324,  0.688656, -0.244523]
						}, 
						{
							"keytime":  0.150015, 
							"rotation": [ 0.231479,  0.640624,  0.690616, -0.243037]
						}, 
						{
							"keytime":  0.155015, 
							"rotation": [ 0.226338,  0.640877,  0.692603, -0.241556]
						}, 
						{
							"keytime":  0.160016, 
							"rotation": [ 0.221430,  0.641068,  0.694492, -0.240170]
						}, 
						{
							"keytime":  0.165016, 
							"rotation": [ 0.216621,  0.641209,  0.696335, -0.238837]
						}, 
						{
							"keytime":  0.170017, 
							"rotation": [ 0.211789,  0.641304,  0.698181, -0.237524]
						}, 
						{
							"keytime":  0.175017, 
							"rotation": [ 0.207237,  0.641352,  0.699913, -0.236310]
						}, 
						{
							"keytime":  0.180018, 
							"rotation": [ 0.202709,  0.641360,  0.701629, -0.235124]
						}, 
						{
							"keytime":  0.185019, 
							"rotation": [ 0.198490,  0.641332,  0.703222, -0.234039]
						}, 
						{
							"keytime":  0.190019, 
							"rotation": [ 0.194464,  0.641272,  0.704737, -0.233021]
						}, 
						{
							"keytime":  0.195020, 
							"rotation": [ 0.190536,  0.641185,  0.706210, -0.232044]
						}, 
						{
							"keytime":  0.200020, 
							"rotation": [ 0.186958,  0.641080,  0.707548, -0.231168]
						}, 
						{
							"keytime":  0.205021, 
							"rotation": [ 0.183629,  0.640961,  0.708789, -0.230365]
						}, 
						{
							"keytime":  0.210021, 
							"rotation": [ 0.180479,  0.640828,  0.709960, -0.229615]
						}, 
						{
							"keytime":  0.215022, 
							"rotation": [ 0.177712,  0.640697,  0.710986, -0.228964]
						}, 
						{
							"keytime":  0.220022, 
							"rotation": [ 0.175251,  0.640568,  0.711896, -0.228392]
						}, 
						{
							"keytime":  0.225023, 
							"rotation": [ 0.173054,  0.640444,  0.712707, -0.227887]
						}, 
						{
							"keytime":  0.230023, 
							"rotation": [ 0.171270,  0.640336,  0.713365, -0.227480]
						}, 
						{
							"keytime":  0.235024, 
							"rotation": [ 0.169846,  0.640246,  0.713889, -0.227157]
						}, 
						{
							"keytime":  0.240024, 
							"rotation": [ 0.168775,  0.640176,  0.714282, -0.226916]
						}, 
						{
							"keytime":  0.245025, 
							"rotation": [ 0.168138,  0.640133,  0.714516, -0.226773]
						}, 
						{
							"keytime":  0.250025, 
							"rotation": [ 0.167917,  0.640118,  0.714597, -0.226724]
						}, 
						{
							"keytime":  0.255026, 
							"rotation": [ 0.168492,  0.640409,  0.714332, -0.226309]
						}, 
						{
							"keytime":  0.260026, 
							"rotation": [ 0.170140,  0.641234,  0.713572, -0.225134]
						}, 
						{
							"keytime":  0.265027, 
							"rotation": [ 0.172785,  0.642532,  0.712350, -0.223285]
						}, 
						{
							"keytime":  0.270027, 
							"rotation": [ 0.176472,  0.644293,  0.710638, -0.220766]
						}, 
						{
							"keytime":  0.275028, 
							"rotation": [ 0.180907,  0.646340,  0.708569, -0.217823]
						}, 
						{
							"keytime":  0.280028, 
							"rotation": [ 0.186111,  0.648647,  0.706128, -0.214482]
						}, 
						{
							"keytime":  0.285029, 
							"rotation": [ 0.192196,  0.651218,  0.703257, -0.210725]
						}, 
						{
							"keytime":  0.290029, 
							"rotation": [ 0.198724,  0.653830,  0.700158, -0.206866]
						}, 
						{
							"keytime":  0.295030, 
							"rotation": [ 0.205782,  0.656486,  0.696790, -0.202889]
						}, 
						{
							"keytime":  0.300030, 
							"rotation": [ 0.213518,  0.659202,  0.693078, -0.198760]
						}, 
						{
							"keytime":  0.305031, 
							"rotation": [ 0.221387,  0.661757,  0.689287, -0.194805]
						}, 
						{
							"keytime":  0.310031, 
							"rotation": [ 0.229519,  0.664180,  0.685357, -0.190978]
						}, 
						{
							"keytime":  0.315032, 
							"rotation": [ 0.238072,  0.666489,  0.681215, -0.187244]
						}, 
						{
							"keytime":  0.320032, 
							"rotation": [ 0.246444,  0.668511,  0.677159, -0.183886]
						}, 
						{
							"keytime":  0.325033, 
							"rotation": [ 0.254785,  0.670285,  0.673124, -0.180849]
						}, 
						{
							"keytime":  0.330033, 
							"rotation": [ 0.263241,  0.671830,  0.669049, -0.178108]
						}, 
						{
							"keytime":  0.335034, 
							"rotation": [ 0.271211,  0.673039,  0.665232, -0.175868]
						}, 
						{
							"keytime":  0.340034, 
							"rotation": [ 0.278845,  0.673954,  0.661609, -0.174082]
						}, 
						{
							"keytime":  0.345035, 
							"rotation": [ 0.286255,  0.674587,  0.658140, -0.172750]
						}, 
						{
							"keytime":  0.350035, 
							"rotation": [ 0.292903,  0.674903,  0.655085, -0.171980]
						}, 
						{
							"keytime":  0.355036, 
							"rotation": [ 0.298919,  0.674932,  0.652393, -0.171751]
						}, 
						{
							"keytime":  0.360036, 
							"rotation": [ 0.304360,  0.674671,  0.650050, -0.172105]
						}, 
						{
							"keytime":  0.365037, 
							"rotation": [ 0.308812,  0.674146,  0.648242, -0.173045]
						}, 
						{
							"keytime":  0.370037, 
							"rotation": [ 0.312362,  0.673362,  0.646938, -0.174597]
						}, 
						{
							"keytime":  0.375037, 
							"rotation": [ 0.314991,  0.672291,  0.646161, -0.176867]
						}, 
						{
							"keytime":  0.380038, 
							"rotation": [ 0.316982,  0.670990,  0.645765, -0.179671]
						}, 
						{
							"keytime":  0.385038, 
							"rotation": [ 0.318916,  0.669444,  0.645493, -0.182964]
						}, 
						{
							"keytime":  0.390039, 
							"rotation": [ 0.320792,  0.667676,  0.645327, -0.186695]
						}, 
						{
							"keytime":  0.395039, 
							"rotation": [ 0.322665,  0.665648,  0.645246, -0.190940]
						}, 
						{
							"keytime":  0.400040, 
							"rotation": [ 0.324424,  0.663504,  0.645237, -0.195400]
						}, 
						{
							"keytime":  0.405040, 
							"rotation": [ 0.326124,  0.661212,  0.645279, -0.200141]
						}, 
						{
							"keytime":  0.410041, 
							"rotation": [ 0.327813,  0.658722,  0.645359, -0.205268]
						}, 
						{
							"keytime":  0.415041, 
							"rotation": [ 0.329392,  0.656205,  0.645457, -0.210429]
						}, 
						{
							"keytime":  0.420042, 
							"rotation": [ 0.330908,  0.653615,  0.645563, -0.215722]
						}, 
						{
							"keytime":  0.425042, 
							"rotation": [ 0.332400,  0.650895,  0.645670, -0.221263]
						}, 
						{
							"keytime":  0.430043, 
							"rotation": [ 0.333776,  0.648231,  0.645762, -0.226677]
						}, 
						{
							"keytime":  0.435043, 
							"rotation": [ 0.335075,  0.645568,  0.645837, -0.232080]
						}, 
						{
							"keytime":  0.440044, 
							"rotation": [ 0.336325,  0.642852,  0.645895, -0.237587]
						}, 
						{
							"keytime":  0.445044, 
							"rotation": [ 0.337443,  0.640267,  0.645930, -0.242827]
						}, 
						{
							"keytime":  0.450045, 
							"rotation": [ 0.338457,  0.637757,  0.645948, -0.247920]
						}, 
						{
							"keytime":  0.455045, 
							"rotation": [ 0.339379,  0.635274,  0.645953, -0.252969]
						}, 
						{
							"keytime":  0.460046, 
							"rotation": [ 0.340143,  0.632988,  0.645952, -0.257633]
						}, 
						{
							"keytime":  0.465046, 
							"rotation": [ 0.340762,  0.630848,  0.645953, -0.262023]
						}, 
						{
							"keytime":  0.470047, 
							"rotation": [ 0.341232,  0.628819,  0.645969, -0.266217]
						}, 
						{
							"keytime":  0.475047, 
							"rotation": [ 0.341507,  0.627043,  0.646010, -0.269928]
						}, 
						{
							"keytime":  0.480048, 
							"rotation": [ 0.341586,  0.625478,  0.646091, -0.273245]
						}, 
						{
							"keytime":  0.485048, 
							"rotation": [ 0.341441,  0.624110,  0.646229, -0.276210]
						}, 
						{
							"keytime":  0.490049, 
							"rotation": [ 0.341062,  0.623041,  0.646432, -0.278607]
						}, 
						{
							"keytime":  0.495049, 
							"rotation": [ 0.340428,  0.622245,  0.646717, -0.280494]
						}, 
						{
							"keytime":  0.500050, 
							"rotation": [ 0.339488,  0.621734,  0.647109, -0.281860]
						}, 
						{
							"keytime":  0.505050, 
							"rotation": [ 0.338287,  0.621466,  0.647600, -0.282767]
						}, 
						{
							"keytime":  0.510051, 
							"rotation": [ 0.336815,  0.621325,  0.648204, -0.283447]
						}, 
						{
							"keytime":  0.515051, 
							"rotation": [ 0.335025,  0.621306,  0.648942, -0.283920]
						}, 
						{
							"keytime":  0.520052, 
							"rotation": [ 0.333032,  0.621401,  0.649767, -0.284171]
						}, 
						{
							"keytime":  0.525052, 
							"rotation": [ 0.330796,  0.621598,  0.650696, -0.284227]
						}, 
						{
							"keytime":  0.530053, 
							"rotation": [ 0.328249,  0.621898,  0.651757, -0.284092]
						}, 
						{
							"keytime":  0.535053, 
							"rotation": [ 0.325550,  0.622276,  0.652883, -0.283785]
						}, 
						{
							"keytime":  0.540054, 
							"rotation": [ 0.322638,  0.622728,  0.654100, -0.283314]
						}, 
						{
							"keytime":  0.545054, 
							"rotation": [ 0.319425,  0.623265,  0.655444, -0.282668]
						}, 
						{
							"keytime":  0.550055, 
							"rotation": [ 0.316111,  0.623845,  0.656831, -0.281896]
						}, 
						{
							"keytime":  0.555055, 
							"rotation": [ 0.312613,  0.624474,  0.658294, -0.280989]
						}, 
						{
							"keytime":  0.560056, 
							"rotation": [ 0.308828,  0.625165,  0.659875, -0.279925]
						}, 
						{
							"keytime":  0.565056, 
							"rotation": [ 0.304991,  0.625871,  0.661476, -0.278776]
						}, 
						{
							"keytime":  0.570057, 
							"rotation": [ 0.301002,  0.626602,  0.663136, -0.277521]
						}, 
						{
							"keytime":  0.575057, 
							"rotation": [ 0.296747,  0.627374,  0.664904, -0.276127]
						}, 
						{
							"keytime":  0.580058, 
							"rotation": [ 0.292487,  0.628136,  0.666668, -0.274684]
						}, 
						{
							"keytime":  0.585058, 
							"rotation": [ 0.288110,  0.628902,  0.668474, -0.273162]
						}, 
						{
							"keytime":  0.590059, 
							"rotation": [ 0.283491,  0.629690,  0.670373, -0.271521]
						}, 
						{
							"keytime":  0.595059, 
							"rotation": [ 0.278914,  0.630448,  0.672247, -0.269864]
						}, 
						{
							"keytime":  0.600059, 
							"rotation": [ 0.274258,  0.631194,  0.674144, -0.268153]
						}, 
						{
							"keytime":  0.605060, 
							"rotation": [ 0.269391,  0.631945,  0.676119, -0.266342]
						}, 
						{
							"keytime":  0.610060, 
							"rotation": [ 0.264613,  0.632652,  0.678047, -0.264546]
						}, 
						{
							"keytime":  0.615061, 
							"rotation": [ 0.259795,  0.633333,  0.679981, -0.262719]
						}, 
						{
							"keytime":  0.620061, 
							"rotation": [ 0.254802,  0.634006,  0.681974, -0.260812]
						}, 
						{
							"keytime":  0.625062, 
							"rotation": [ 0.249944,  0.634628,  0.683902, -0.258946]
						}, 
						{
							"keytime":  0.630063, 
							"rotation": [ 0.245088,  0.635216,  0.685818, -0.257072]
						}, 
						{
							"keytime":  0.635063, 
							"rotation": [ 0.240100,  0.635785,  0.687774, -0.255140]
						}, 
						{
							"keytime":  0.640064, 
							"rotation": [ 0.235291,  0.636300,  0.689649, -0.253271]
						}, 
						{
							"keytime":  0.645064, 
							"rotation": [ 0.230526,  0.636777,  0.691494, -0.251414]
						}, 
						{
							"keytime":  0.650065, 
							"rotation": [ 0.225681,  0.637229,  0.693359, -0.249522]
						}, 
						{
							"keytime":  0.655065, 
							"rotation": [ 0.221053,  0.637630,  0.695128, -0.247712]
						}, 
						{
							"keytime":  0.660066, 
							"rotation": [ 0.216517,  0.637993,  0.696851, -0.245935]
						}, 
						{
							"keytime":  0.665066, 
							"rotation": [ 0.211954,  0.638328,  0.698574, -0.244146]
						}, 
						{
							"keytime":  0.670067, 
							"rotation": [ 0.207648,  0.638618,  0.700189, -0.242455]
						}, 
						{
							"keytime":  0.675067, 
							"rotation": [ 0.203479,  0.638874,  0.701744, -0.240817]
						}, 
						{
							"keytime":  0.680068, 
							"rotation": [ 0.199343,  0.639104,  0.703276, -0.239190]
						}, 
						{
							"keytime":  0.685068, 
							"rotation": [ 0.195499,  0.639296,  0.704691, -0.237676]
						}, 
						{
							"keytime":  0.690069, 
							"rotation": [ 0.191840,  0.639461,  0.706032, -0.236234]
						}, 
						{
							"keytime":  0.695069, 
							"rotation": [ 0.188278,  0.639604,  0.707328, -0.234828]
						}, 
						{
							"keytime":  0.700070, 
							"rotation": [ 0.185040,  0.639720,  0.708501, -0.233549]
						}, 
						{
							"keytime":  0.705070, 
							"rotation": [ 0.182033,  0.639815,  0.709584, -0.232359]
						}, 
						{
							"keytime":  0.710071, 
							"rotation": [ 0.179194,  0.639894,  0.710603, -0.231233]
						}, 
						{
							"keytime":  0.715071, 
							"rotation": [ 0.176704,  0.639956,  0.711492, -0.230244]
						}, 
						{
							"keytime":  0.720072, 
							"rotation": [ 0.174493,  0.640004,  0.712278, -0.229363]
						}, 
						{
							"keytime":  0.725072, 
							"rotation": [ 0.172521,  0.640042,  0.712976, -0.228576]
						}, 
						{
							"keytime":  0.730073, 
							"rotation": [ 0.170922,  0.640071,  0.713541, -0.227935]
						}, 
						{
							"keytime":  0.735074, 
							"rotation": [ 0.169613,  0.640092,  0.714002, -0.227410]
						}, 
						{
							"keytime":  0.740074, 
							"rotation": [ 0.168688,  0.640106,  0.714327, -0.227037]
						}, 
						{
							"keytime":  0.745075, 
							"rotation": [ 0.168118,  0.640115,  0.714527, -0.226806]
						}, 
						{
							"keytime":  0.750075, 
							"rotation": [ 0.167917,  0.640118,  0.714597, -0.226724]
						}, 
						{
							"keytime":  0.755076, 
							"rotation": [ 0.168480,  0.640404,  0.714338, -0.226317]
						}, 
						{
							"keytime":  0.760076, 
							"rotation": [ 0.170119,  0.641224,  0.713582, -0.225150]
						}, 
						{
							"keytime":  0.765077, 
							"rotation": [ 0.172848,  0.642563,  0.712320, -0.223241]
						}, 
						{
							"keytime":  0.770077, 
							"rotation": [ 0.176431,  0.644274,  0.710657, -0.220794]
						}, 
						{
							"keytime":  0.775078, 
							"rotation": [ 0.180858,  0.646318,  0.708592, -0.217855]
						}, 
						{
							"keytime":  0.780078, 
							"rotation": [ 0.186224,  0.648696,  0.706075, -0.214411]
						}, 
						{
							"keytime":  0.785079, 
							"rotation": [ 0.192134,  0.651192,  0.703287, -0.210763]
						}, 
						{
							"keytime":  0.790079, 
							"rotation": [ 0.198656,  0.653803,  0.700191, -0.206905]
						}, 
						{
							"keytime":  0.795080, 
							"rotation": [ 0.205930,  0.656540,  0.696719, -0.202808]
						}, 
						{
							"keytime":  0.800080, 
							"rotation": [ 0.213440,  0.659175,  0.693116, -0.198800]
						}, 
						{
							"keytime":  0.805081, 
							"rotation": [ 0.221306,  0.661732,  0.689326, -0.194844]
						}, 
						{
							"keytime":  0.810081, 
							"rotation": [ 0.229686,  0.664227,  0.685276, -0.190903]
						}, 
						{
							"keytime":  0.815082, 
							"rotation": [ 0.237988,  0.666468,  0.681256, -0.187279]
						}, 
						{
							"keytime":  0.820082, 
							"rotation": [ 0.246360,  0.668492,  0.677200, -0.183919]
						}, 
						{
							"keytime":  0.825083, 
