{
	"version": "0.7", 
	"id": "", 
	"meshes": [], 
	"materials": [], 
	"nodes": [
		{
			"id": "Bip002", 
			"skeleton": false, 
			"transform": [ 0.000000, -1.000000, -0.000000,  0.000000,  1.000000,  0.000000, -0.000000,  0.000000,  0.000000, -0.000000,  1.000000,  0.000000, -0.050908,  4.309517, -2.557648,  1.000000], 
			"children": [
				{
					"id": "Bip002 Pelvis", 
					"skeleton": false, 
					"transform": [ 0.000000,  0.043450,  0.999056,  0.000000,  1.000000,  0.000001, -0.000000,  0.000000, -0.000001,  0.999056, -0.043450,  0.000000,  0.000000,  0.000000,  0.000000,  1.000000], 
					"children": [
						{
							"id": "Bip002 Spine", 
							"skeleton": false, 
							"transform": [ 0.993780, -0.057782,  0.095197,  0.000000,  0.058298,  0.998296, -0.002650,  0.000000, -0.094882,  0.008183,  0.995455,  0.000000,  1.178656, -0.002514, -0.051261,  1.000000], 
							"children": [
								{
									"id": "Bip002 Spine1", 
									"skeleton": false, 
									"transform": [ 0.982114,  0.018137, -0.187408,  0.000000, -0.031399,  0.997188, -0.068042,  0.000000,  0.185647,  0.072709,  0.979923,  0.000000,  3.163160, -0.002749,  0.000188,  1.000000], 
									"children": [
										{
											"id": "Bip002 Neck", 
											"skeleton": false, 
											"transform": [ 0.975954,  0.207605,  0.066432,  0.000000, -0.205823,  0.978043, -0.032708,  0.000000, -0.071764,  0.018248,  0.997255,  0.000000,  3.292214,  0.612631,  0.000013,  1.000000], 
											"children": [
												{
													"id": "Bip002 L Clavicle", 
													"skeleton": false, 
													"transform": [-0.078109,  0.909322,  0.408696,  0.000000, -0.020050, -0.411298,  0.911280,  0.000000,  0.996743,  0.062985,  0.050358,  0.000000, -1.716254, -0.479783,  1.230344,  1.000000], 
													"children": [
														{
															"id": "Bip002 L UpperArm", 
															"skeleton": false, 
															"transform": [ 0.755630, -0.105816, -0.646395,  0.000000, -0.654487, -0.160980, -0.738737,  0.000000, -0.025886,  0.981269, -0.190897,  0.000000,  1.815220, -0.000000,  0.000000,  1.000000], 
															"children": [
																{
																	"id": "Bip002 L Forearm", 
																	"skeleton": false, 
																	"transform": [-0.424537, -0.905411, -0.000000,  0.000000,  0.905411, -0.424537, -0.000000,  0.000000,  0.000000, -0.000000,  1.000000,  0.000000,  2.253308,  0.000000,  0.000000,  1.000000], 
																	"children": [
																		{
																			"id": "Bip002 L Hand", 
																			"skeleton": false, 
																			"transform": [ 0.959312,  0.073867, -0.272513,  0.000000, -0.167872,  0.925266, -0.340150,  0.000000,  0.227021,  0.372058,  0.900019,  0.000000,  2.365267,  0.000000, -0.000000,  1.000000], 
																			"children": [
																				{
																					"id": "Bip002 L Finger0", 
																					"skeleton": false, 
																					"transform": [ 1.000000,  0.000000, -0.000000,  0.000000, -0.000000,  1.000000, -0.000796,  0.000000,  0.000000,  0.000796,  1.000000,  0.000000,  1.312117,  0.000000, -0.000000,  1.000000], 
																					"children": [
																						{
																							"id": "Bip002 L Finger0Nub", 
																							"skeleton": false, 
																							"transform": [ 1.000000, -0.000000,  0.000000,  0.000000,  0.000000,  1.000000,  0.000000,  0.000000, -0.000000, -0.000000,  1.000000,  0.000000,  0.156795, -0.000000, -0.000000,  1.000000]
																						}
																					]
																				}
																			]
																		}
																	]
																}
															]
														}
													]
												}, 
												{
													"id": "Bip002 R Clavicle", 
													"skeleton": false, 
													"transform": [-0.352168,  0.891781, -0.284086,  0.000000, -0.142404, -0.351052, -0.925464,  0.000000, -0.925040, -0.285464,  0.250623,  0.000000, -1.866211, -0.405945, -1.020773,  1.000000], 
													"children": [
														{
															"id": "Bip002 R UpperArm", 
															"skeleton": false, 
															"transform": [ 0.690095, -0.033264,  0.722954,  0.000000, -0.720734,  0.059047,  0.690693,  0.000000, -0.065663, -0.997701,  0.016774,  0.000000,  1.815220, -0.000000, -0.000000,  1.000000], 
															"children": [
																{
																	"id": "Bip002 R Forearm", 
																	"skeleton": false, 
																	"transform": [-0.134013, -0.990980, -0.000000,  0.000000,  0.990980, -0.134013,  0.000000,  0.000000,  0.000000, -0.000000,  1.000000,  0.000000,  2.253309,  0.000000, -0.000000,  1.000000], 
																	"children": [
																		{
																			"id": "Bip002 R Hand", 
																			"skeleton": false, 
																			"transform": [ 0.786801, -0.527345,  0.320704,  0.000000,  0.450810,  0.845911,  0.284965,  0.000000, -0.421562, -0.079634,  0.903296,  0.000000,  2.365266,  0.000000,  0.000000,  1.000000], 
																			"children": [
																				{
																					"id": "Bip002 R Finger0", 
																					"skeleton": false, 
																					"transform": [ 0.978664,  0.069378, -0.193399,  0.000000, -0.080269,  0.995566, -0.049052,  0.000000,  0.189139,  0.063529,  0.979893,  0.000000,  1.312117, -0.000000, -0.000000,  1.000000], 
																					"children": [
																						{
																							"id": "Bip002 R Finger0Nub", 
																							"skeleton": false, 
																							"transform": [ 1.000000,  0.000000,  0.000000,  0.000000, -0.000000,  1.000000, -0.000000,  0.000000,  0.000000,  0.000000, -1.000000,  0.000000,  0.156795, -0.000000,  0.000000,  1.000000]
																						}
																					]
																				}
																			]
																		}
																	]
																}
															]
														}
													]
												}, 
												{
													"id": "Bip002 Head", 
													"skeleton": false, 
													"transform": [ 0.906504,  0.416663,  0.068134,  0.000000, -0.421583,  0.902021,  0.092881,  0.000000, -0.022759, -0.112921,  0.993343,  0.000000,  0.459409,  0.000000,  0.000000,  1.000000], 
													"children": [
														{
															"id": "Bip002 HeadNub", 
															"skeleton": false, 
															"transform": [ 1.000000, -0.000000,  0.000000,  0.000000,  0.000000,  1.000000,  0.000000,  0.000000, -0.000000, -0.000000,  1.000000,  0.000000,  2.505816,  0.000000,  0.000000,  1.000000]
														}, 
														{
															"id": "Bone006", 
															"skeleton": false, 
															"transform": [ 0.997502, -0.037498, -0.059872,  0.000000,  0.056676, -0.081146,  0.995089,  0.000000, -0.042172, -0.995997, -0.078818,  0.000000,  1.185723,  0.768530,  0.111173,  1.000000]
														}
													]
												}
											]
										}
									]
								}, 
								{
									"id": "Bip002 L Thigh", 
									"skeleton": false, 
									"transform": [-0.213850,  0.975963,  0.042007,  0.000000,  0.976850,  0.213900,  0.003338,  0.000000, -0.005727,  0.041748, -0.999112,  0.000000, -1.068917, -0.069056,  1.184234,  1.000000], 
									"children": [
										{
											"id": "Bip002 L Calf", 
											"skeleton": false, 
											"transform": [ 0.372400, -0.928072,  0.000000,  0.000000,  0.928072,  0.372400,  0.000000,  0.000000,  0.000000,  0.000000,  1.000000,  0.000000,  2.531304, -0.000000,  0.000000,  1.000000], 
											"children": [
												{
													"id": "Bip002 L HorseLink", 
													"skeleton": false, 
													"transform": [ 0.216522,  0.976278,  0.000000,  0.000000, -0.976278,  0.216522,  0.000000,  0.000000,  0.000000, -0.000000,  1.000000,  0.000000,  1.558555,  0.000000, -0.000000,  1.000000], 
													"children": [
														{
															"id": "Bip002 L Foot", 
															"skeleton": false, 
															"transform": [ 0.999332, -0.017193,  0.032238,  0.000000,  0.029140,  0.907319, -0.419432,  0.000000, -0.022039,  0.420092,  0.907214,  0.000000,  0.895599,  0.000000,  0.000000,  1.000000], 
															"children": [
																{
																	"id": "Bip002 L Toe0", 
																	"skeleton": false, 
																	"transform": [-0.106780,  0.966709,  0.232532,  0.000000, -0.993796, -0.111081,  0.005440,  0.000000,  0.031089, -0.230508,  0.972574,  0.000000,  0.577005,  0.742580,  0.000000,  1.000000], 
																	"children": [
																		{
																			"id": "Bip002 L Toe0Nub", 
																			"skeleton": false, 
																			"transform": [ 1.000000,  0.000000, -0.000000,  0.000000, -0.000000,  1.000000,  0.000000,  0.000000, -0.000000,  0.000000, -1.000000,  0.000000,  0.647845, -0.000000,  0.000000,  1.000000]
																		}
																	]
																}
															]
														}
													]
												}
											]
										}
									]
								}, 
								{
									"id": "Bip002 R Thigh", 
									"skeleton": false, 
									"transform": [ 0.165407,  0.985451,  0.039080,  0.000000,  0.970067, -0.155426, -0.186583,  0.000000, -0.177794,  0.068772, -0.981662,  0.000000, -1.264261, -0.063622, -0.858471,  1.000000], 
									"children": [
										{
											"id": "Bip002 R Calf", 
											"skeleton": false, 
											"transform": [ 0.029256, -0.999572,  0.000000,  0.000000,  0.999572,  0.029256, -0.000000,  0.000000, -0.000000,  0.000000,  1.000000,  0.000000,  2.531303,  0.000000,  0.000000,  1.000000], 
											"children": [
												{
													"id": "Bip002 R HorseLink", 
													"skeleton": false, 
													"transform": [ 0.223176,  0.974778,  0.000000,  0.000000, -0.974778,  0.223176, -0.000000,  0.000000, -0.000000, -0.000000,  1.000000,  0.000000,  1.558556,  0.000000,  0.000000,  1.000000], 
													"children": [
														{
															"id": "Bip002 R Foot", 
															"skeleton": false, 
															"transform": [ 0.996975, -0.030880,  0.071319,  0.000000,  0.023998,  0.995148,  0.095412,  0.000000, -0.073920, -0.093412,  0.992880,  0.000000,  0.895599, -0.000000, -0.000000,  1.000000], 
															"children": [
																{
																	"id": "Bip002 R Toe0", 
																	"skeleton": false, 
																	"transform": [-0.077646,  0.992627,  0.093078,  0.000000, -0.993929, -0.069770, -0.085073,  0.000000, -0.077951, -0.099119,  0.992018,  0.000000,  0.577005,  0.742581,  0.000000,  1.000000], 
																	"children": [
																		{
																			"id": "Bip002 R Toe0Nub", 
																			"skeleton": false, 
																			"transform": [ 1.000000, -0.000000, -0.000000,  0.000000,  0.000000,  1.000000,  0.000000,  0.000000,  0.000000, -0.000000,  1.000000,  0.000000,  0.647845,  0.000000, -0.000000,  1.000000]
																		}
																	]
																}
															]
														}
													]
												}
											]
										}
									]
								}
							]
						}
					]
				}, 
				{
					"id": "Bone007", 
					"skeleton": false, 
					"transform": [-0.489406, -0.011564, -0.871979,  0.000000,  0.872036,  0.000291, -0.489442,  0.000000,  0.005914, -0.999933,  0.009942,  0.000000, -0.064794, -0.063746, -1.378705,  1.000000], 
					"children": [
						{
							"id": "Bone008", 
							"skeleton": false, 
							"transform": [ 0.920083, -0.390471,  0.031306,  0.000000,  0.390675,  0.920529, -0.000413,  0.000000, -0.028657,  0.012610,  0.999510,  0.000000,  1.188799,  0.000000,  0.000000,  1.000000], 
							"children": [
								{
									"id": "Bone009", 
									"skeleton": false, 
									"transform": [ 0.910755, -0.412143,  0.025745,  0.000000,  0.412242,  0.911073,  0.001581,  0.000000, -0.024107,  0.009174,  0.999667,  0.000000,  0.852204,  0.000001,  0.000000,  1.000000], 
									"children": [
										{
											"id": "Bone010", 
											"skeleton": false, 
											"transform": [ 0.929369, -0.368983,  0.011216,  0.000000,  0.369002,  0.929429,  0.000375,  0.000000, -0.010563,  0.003790,  0.999937,  0.000000,  1.187043,  0.000000, -0.000000,  1.000000], 
											"children": [
												{
													"id": "Bone011", 
													"skeleton": false, 
													"transform": [ 1.000000,  0.000000,  0.000000,  0.000000,  0.000000,  1.000000, -0.000000,  0.000000, -0.000000,  0.000000,  1.000000,  0.000000,  1.229776,  0.000000,  0.000000,  1.000000]
												}
											]
										}
									]
								}
							]
						}
					]
				}, 
				{
					"id": "Bip001", 
					"skeleton": false, 
					"transform": [ 0.000000, -0.000000,  1.000000,  0.000000,  0.000001,  1.000000, -0.000000,  0.000000, -1.000000,  0.000001,  0.000000,  0.000000, -2.188575,  0.262969,  0.667817,  1.000000], 
					"children": [
						{
							"id": "Bip001 Pelvis", 
							"skeleton": false, 
							"transform": [ 0.000000, -0.000000,  1.000000,  0.000000,  1.000000,  0.000001, -0.000000,  0.000000, -0.000001,  1.000000, -0.000000,  0.000000,  0.000000,  0.000000,  0.000000,  1.000000], 
							"children": [
								{
									"id": "Bip001 Spine", 
									"skeleton": false, 
									"transform": [ 0.969177,  0.246364, -0.000464,  0.000000, -0.200208,  0.786504, -0.584233,  0.000000, -0.143569,  0.566319,  0.811586,  0.000000,  2.078439, -0.001897,  0.001412,  1.000000], 
									"children": [
										{
											"id": "Bip001 Spine1", 
											"skeleton": false, 
											"transform": [ 0.997682,  0.066311,  0.015292,  0.000000, -0.057976,  0.945898, -0.319242,  0.000000, -0.035634,  0.317615,  0.947550,  0.000000,  3.029723, -0.001713,  0.000578,  1.000000], 
											"children": [
												{
													"id": "Bip001 Neck", 
													"skeleton": false, 
													"transform": [ 0.825649,  0.564183,  0.000002,  0.000000, -0.564184,  0.825650, -0.000001,  0.000000, -0.000002, -0.000001,  1.000000,  0.000000,  2.274461, -0.000362,  0.000000,  1.000000], 
													"children": [
														{
															"id": "Bip001 L Clavicle", 
															"skeleton": false, 
															"transform": [-0.227351,  0.155617,  0.961299,  0.000000, -0.564841, -0.825200, -0.000002,  0.000000,  0.793263, -0.542981,  0.275509,  0.000000, -0.326860, -0.086311,  1.737377,  1.000000], 
															"children": [
																{
																	"id": "Bip001 L UpperArm", 
																	"skeleton": false, 
																	"transform": [ 0.669421,  0.025433, -0.742448,  0.000000, -0.042371,  0.999094, -0.003979,  0.000000,  0.741674,  0.034122,  0.669892,  0.000000,  1.562913,  0.000000,  0.000000,  1.000000], 
																	"children": [
																		{
																			"id": "Bip001 L Forearm", 
																			"skeleton": false, 
																			"transform": [ 0.203822, -0.979008,  0.000000,  0.000000,  0.979008,  0.203822, -0.000000,  0.000000,  0.000000,  0.000000,  1.000000,  0.000000,  3.601806,  0.000000, -0.000000,  1.000000], 
																			"children": [
																				{
																					"id": "Bip001 L Hand", 
																					"skeleton": false, 
																					"transform": [ 0.891049,  0.077673,  0.447213,  0.000000,  0.207985,  0.805868, -0.554363,  0.000000, -0.403454,  0.586978,  0.701913,  0.000000,  3.462210,  0.000000,  0.000000,  1.000000], 
																					"children": [
																						{
																							"id": "Bip001 L Finger0", 
																							"skeleton": false, 
																							"transform": [ 0.666915,  0.588102, -0.457560,  0.000000, -0.114950,  0.687915,  0.716631,  0.000000,  0.736214, -0.425335,  0.526383,  0.000000,  0.427484,  0.069175, -1.038961,  1.000000], 
																							"children": [
																								{
																									"id": "Bip001 L Finger01", 
																									"skeleton": false, 
																									"transform": [ 0.944670,  0.277962, -0.174172,  0.000000, -0.302994,  0.942848, -0.138678,  0.000000,  0.125671,  0.183778,  0.974901,  0.000000,  0.762130,  0.000000,  0.000000,  1.000000], 
																									"children": [
																										{
																											"id": "Bip001 L Finger0Nub", 
																											"skeleton": false, 
																											"transform": [ 1.000000,  0.000000, -0.000000,  0.000000, -0.000000,  1.000000,  0.000000,  0.000000,  0.000000, -0.000000,  1.000000,  0.000000,  0.762130,  0.000000, -0.000000,  1.000000]
																										}
																									]
																								}
																							]
																						}, 
																						{
																							"id": "Bip001 L Finger1", 
																							"skeleton": false, 
																							"transform": [ 0.621062,  0.763982, -0.174966,  0.000000, -0.779258,  0.625807, -0.033501,  0.000000,  0.083901,  0.157150,  0.984004,  0.000000,  1.609501,  0.045305, -0.000036,  1.000000], 
																							"children": [
																								{
																									"id": "Bip001 L Finger11", 
																									"skeleton": false, 
																									"transform": [ 0.994828, -0.101574,  0.000000,  0.000000,  0.101574,  0.994828, -0.000000,  0.000000, -0.000000,  0.000000,  1.000000,  0.000000,  0.466341,  0.000000, -0.000000,  1.000000], 
																									"children": [
																										{
																											"id": "Bip001 L Finger1Nub", 
																											"skeleton": false, 
																											"transform": [ 1.000000, -0.000000,  0.000000,  0.000000, -0.000000,  1.000000, -0.000000,  0.000000, -0.000000,  0.000000,  1.000000,  0.000000,  0.644256, -0.000000, -0.000000,  1.000000]
																										}
																									]
																								}
																							]
																						}
																					]
																				}
																			]
																		}
																	]
																}
															]
														}, 
														{
															"id": "Bip001 R Clavicle", 
															"skeleton": false, 
															"transform": [-0.227352,  0.155623, -0.961297,  0.000000, -0.564841, -0.825200, -0.000002,  0.000000, -0.793263,  0.542979,  0.275513,  0.000000, -0.326863, -0.086301, -1.737377,  1.000000], 
															"children": [
																{
																	"id": "Bip001 R UpperArm", 
																	"skeleton": false, 
																	"transform": [ 0.836026,  0.077281,  0.543220,  0.000000,  0.202188,  0.876973, -0.435934,  0.000000, -0.510078,  0.474285,  0.717547,  0.000000,  1.562914,  0.000000,  0.000000,  1.000000], 
																	"children": [
																		{
																			"id": "Bip001 R Forearm", 
																			"skeleton": false, 
																			"transform": [ 0.947822, -0.318801, -0.000000,  0.000000,  0.318800,  0.947822,  0.000000,  0.000000,  0.000000,  0.000000,  1.000000,  0.000000,  3.601806,  0.000001,  0.000000,  1.000000], 
																			"children": [
																				{
																					"id": "Bip001 R Hand", 
																					"skeleton": false, 
																					"transform": [ 1.000000,  0.000000,  0.000000,  0.000000, -0.000000,  0.000796,  1.000000,  0.000000,  0.000000, -1.000000,  0.000796,  0.000000,  3.462211,  0.000000, -0.000001,  1.000000], 
																					"children": [
																						{
																							"id": "Bip001 R Finger0", 
																							"skeleton": false, 
																							"transform": [ 0.759596,  0.550834,  0.345826,  0.000000, -0.033843,  0.564471, -0.824759,  0.000000, -0.649514,  0.614780,  0.447412,  0.000000,  0.427483,  0.069176,  1.038961,  1.000000], 
																							"children": [
																								{
																									"id": "Bip001 R Finger01", 
																									"skeleton": false, 
																									"transform": [ 0.939373,  0.342898, -0.000000,  0.000000, -0.342898,  0.939373, -0.000000,  0.000000, -0.000000,  0.000000,  1.000000,  0.000000,  0.762130,  0.000000,  0.000000,  1.000000], 
																									"children": [
																										{
																											"id": "Bip001 R Finger0Nub", 
																											"skeleton": false, 
																											"transform": [ 1.000000,  0.000000,  0.000000,  0.000000, -0.000000,  1.000000, -0.000000,  0.000000,  0.000000, -0.000000, -1.000000,  0.000000,  0.762130, -0.000000, -0.000000,  1.000000]
																										}
																									]
																								}
																							]
																						}, 
																						{
																							"id": "Bip001 R Finger1", 
																							"skeleton": false, 
																							"transform": [ 0.465304,  0.867039,  0.178144,  0.000000, -0.881166,  0.472807,  0.000376,  0.000000, -0.083901, -0.157150,  0.984004,  0.000000,  1.609500,  0.045305,  0.000036,  1.000000], 
																							"children": [
																								{
																									"id": "Bip001 R Finger11", 
																									"skeleton": false, 
																									"transform": [ 0.996363,  0.085212,  0.000000,  0.000000, -0.085212,  0.996363, -0.000000,  0.000000, -0.000000,  0.000000,  1.000000,  0.000000,  0.466341,  0.000000,  0.000000,  1.000000], 
																									"children": [
																										{
																											"id": "Bip001 R Finger1Nub", 
																											"skeleton": false, 
																											"transform": [ 1.000000, -0.000000, -0.000000,  0.000000,  0.000000,  1.000000,  0.000000,  0.000000, -0.000000,  0.000000, -1.000000,  0.000000,  0.644256, -0.000000,  0.000000,  1.000000]
																										}
																									]
																								}
																							]
																						}
																					]
																				}
																			]
																		}
																	]
																}
															]
														}, 
														{
															"id": "Bip001 Head", 
															"skeleton": false, 
															"transform": [ 0.876500, -0.385377,  0.288501,  0.000000,  0.035876,  0.649916,  0.759158,  0.000000, -0.480064, -0.655052,  0.583477,  0.000000,  0.550349,  0.000000,  0.000000,  1.000000], 
															"children": [
																{
																	"id": "Bip001 HeadNub", 
																	"skeleton": false, 
																	"transform": [ 1.000000,  0.000000,  0.000000,  0.000000, -0.000000,  1.000000, -0.000000,  0.000000, -0.000000,  0.000000,  1.000000,  0.000000,  1.724429,  0.000001,  0.000000,  1.000000]
																}
															]
														}
													]
												}
											]
										}, 
										{
											"id": "Bip001 L Thigh", 
											"skeleton": false, 
											"transform": [-0.369045,  0.754399,  0.542852,  0.000000,  0.929411,  0.299259,  0.215960,  0.000000,  0.000467,  0.584232, -0.811587,  0.000000, -2.014883, -0.805415,  1.998444,  1.000000], 
											"children": [
												{
													"id": "Bip001 L Calf", 
													"skeleton": false, 
													"transform": [ 0.464372, -0.885640,  0.000000,  0.000000,  0.885640,  0.464372,  0.000000,  0.000000,  0.000000, -0.000000,  1.000000,  0.000000,  2.229676, -0.000000,  0.000000,  1.000000], 
													"children": [
														{
															"id": "Bip001 L Foot", 
															"skeleton": false, 
															"transform": [ 0.989653,  0.143485, -0.000002,  0.000000, -0.143485,  0.989652,  0.000000,  0.000000,  0.000002,  0.000000,  1.000000,  0.000000,  1.647911,  0.000000, -0.000000,  1.000000], 
															"children": [
																{
																	"id": "Bip001 L Toe0", 
																	"skeleton": false, 
																	"transform": [ 0.000000,  1.000000, -0.000000,  0.000000, -1.000000,  0.000000,  0.000000,  0.000000,  0.000000,  0.000000,  1.000000,  0.000000,  1.480978,  1.854264,  0.000000,  1.000000], 
																	"children": [
																		{
																			"id": "Bip001 L Toe0Nub", 
																			"skeleton": false, 
																			"transform": [ 1.000000, -0.000000, -0.000000,  0.000000,  0.000000,  1.000000, -0.000000,  0.000000, -0.000000,  0.000000, -1.000000,  0.000000,  0.193171,  0.000000,  0.000000,  1.000000]
																		}
																	]
																}
															]
														}
													]
												}
											]
										}, 
										{
											"id": "Bip001 R Thigh", 
											"skeleton": false, 
											"transform": [-0.364597,  0.755821,  0.543879,  0.000000,  0.931165,  0.295648,  0.213361,  0.000000,  0.000466,  0.584232, -0.811587,  0.000000, -2.012933,  1.642291, -1.401790,  1.000000], 
											"children": [
												{
													"id": "Bip001 R Calf", 
													"skeleton": false, 
													"transform": [ 0.236969, -0.971517, -0.000000,  0.000000,  0.971517,  0.236969, -0.000000,  0.000000, -0.000000, -0.000000,  1.000000,  0.000000,  2.229676, -0.000000, -0.000000,  1.000000], 
													"children": [
														{
															"id": "Bip001 R Foot", 
															"skeleton": false, 
															"transform": [ 0.927592,  0.373595, -0.000001,  0.000000, -0.373595,  0.927592, -0.000000,  0.000000,  0.000001,  0.000000,  1.000000,  0.000000,  1.647911, -0.000000,  0.000000,  1.000000], 
															"children": [
																{
																	"id": "Bip001 R Toe0", 
																	"skeleton": false, 
																	"transform": [ 0.000000,  1.000000, -0.000000,  0.000000, -1.000000,  0.000000, -0.000000,  0.000000, -0.000000,  0.000000,  1.000000,  0.000000,  1.385946,  1.854264,  0.000000,  1.000000], 
																	"children": [
																		{
																			"id": "Bip001 R Toe0Nub", 
																			"skeleton": false, 
																			"transform": [ 1.000000, -0.000000, -0.000000,  0.000000,  0.000000,  1.000000,  0.000000,  0.000000,  0.000000, -0.000000,  1.000000,  0.000000,  0.193171, -0.000000,  0.000000,  1.000000]
																		}
																	]
																}
															]
														}
													]
												}
											]
										}
									]
								}, 
								{
									"id": "Bone002", 
									"skeleton": false, 
									"transform": [-0.994502, -0.104714, -0.000001,  0.000000, -0.104714,  0.994502, -0.000006,  0.000000,  0.000002, -0.000006, -1.000000,  0.000000,  0.594342,  2.703135,  0.014771,  1.000000], 
									"children": [
										{
											"id": "Bone003", 
											"skeleton": false, 
											"transform": [ 0.998742,  0.050142,  0.000001,  0.000000, -0.050142,  0.998742, -0.000003,  0.000000, -0.000001,  0.000003,  1.000000,  0.000000,  1.735264,  0.000001,  0.000000,  1.000000], 
											"children": [
												{
													"id": "Bone004", 
													"skeleton": false, 
													"transform": [ 0.999693, -0.024795,  0.000000,  0.000000,  0.024795,  0.999693,  0.000000,  0.000000, -0.000000, -0.000000,  1.000000,  0.000000,  1.555342,  0.000001, -0.000000,  1.000000]
												}
											]
										}
									]
								}, 
								{
									"id": "Bone005", 
									"skeleton": false, 
									"transform": [-0.937874, -0.346976, -0.000002,  0.000000, -0.346974,  0.937869,  0.000127,  0.000000, -0.000042,  0.000119, -1.000005,  0.000000,  0.594342, -2.514544,  0.014818,  1.000000]
								}, 
								{
									"id": "Bone001", 
									"skeleton": false, 
									"transform": [ 0.014923,  0.999889, -0.000003,  0.000000,  0.999889, -0.014923,  0.000001,  0.000000,  0.000001, -0.000003, -1.000000,  0.000000,  0.785448,  1.654106,  0.014775,  1.000000]
								}
							]
						}
					]
				}
			]
		}
	], 
	"animations": [
		{
			"id": "Take 001", 
			"length":  2.666000, 
			"bones": [
				{
					"boneId": "Bip001 L Finger01", 
					"keyframes": [
						{
							"keytime":  0.000000, 
							"rotation": [-0.082037,  0.076284,  0.147803,  0.982652], 
							"scale": [ 1.000000,  1.000000,  1.000000], 
							"translation": [ 0.762130,  0.000000,  0.000000]
						}, 
						{
							"keytime":  0.200050, 
							"translation": [ 0.762130,  0.000000, -0.000000]
						}, 
						{
							"keytime":  0.212553, 
							"translation": [ 0.762131,  0.000000, -0.000000]
						}, 
						{
							"keytime":  0.250062, 
							"translation": [ 0.762130, -0.000000,  0.000000]
						}, 
						{
							"keytime":  0.450113, 
							"translation": [ 0.762129, -0.000000, -0.000000]
						}, 
						{
							"keytime":  0.562641, 
							"translation": [ 0.762130,  0.000000,  0.000001]
						}, 
						{
							"keytime":  0.575144, 
							"translation": [ 0.762130,  0.000000, -0.000001]
						}, 
						{
							"keytime":  0.700175, 
							"translation": [ 0.762131, -0.000000,  0.000000]
						}, 
						{
							"keytime":  0.725182, 
							"translation": [ 0.762130, -0.000000, -0.000001]
						}, 
						{
							"keytime":  0.762691, 
							"translation": [ 0.762130, -0.000000,  0.000000]
						}, 
						{
							"keytime":  0.775194, 
							"translation": [ 0.762129, -0.000000, -0.000001]
						}, 
						{
							"keytime":  0.812703, 
							"translation": [ 0.762130,  0.000000,  0.000000]
						}, 
						{
							"keytime":  0.975244, 
							"translation": [ 0.762130, -0.000001,  0.000001]
						}, 
						{
							"keytime":  1.000000, 
							"rotation": [-0.082037,  0.076284,  0.147803,  0.982652], 
							"scale": [ 1.000000,  1.000000,  1.000000], 
							"translation": [ 0.762130, -0.000000, -0.000000]
						}
					]
				}, 
				{
					"boneId": "Bip002", 
					"keyframes": [
						{
							"keytime":  0.000000, 
							"rotation": [-0.000000,  0.000000, -0.707107,  0.707107], 
							"scale": [ 1.000000,  1.000000,  1.000000], 
							"translation": [-0.050908,  4.309517, -2.557648]
						}, 
						{
							"keytime":  0.012503, 
							"rotation": [ 0.000532,  0.000511, -0.706820,  0.707393], 
							"translation": [-0.050908,  4.314310, -2.557648]
						}, 
						{
							"keytime":  0.025006, 
							"rotation": [ 0.001124,  0.001051, -0.706525,  0.707687], 
							"translation": [-0.050908,  4.319605, -2.557648]
						}, 
						{
							"keytime":  0.037509, 
							"rotation": [ 0.001780,  0.001653, -0.706223,  0.707985], 
							"translation": [-0.050908,  4.325466, -2.557648]
						}, 
						{
							"keytime":  0.050013, 
							"rotation": [ 0.002480,  0.002248, -0.705928,  0.708276], 
							"translation": [-0.050908,  4.331429, -2.557648]
						}, 
						{
							"keytime":  0.062516, 
							"rotation": [ 0.003203,  0.002881, -0.705631,  0.708566], 
							"translation": [-0.050908,  4.337548, -2.557647]
						}, 
						{
							"keytime":  0.075019, 
							"rotation": [ 0.003963,  0.003527, -0.705333,  0.708856], 
							"translation": [-0.050908,  4.343708, -2.557648]
						}, 
						{
							"keytime":  0.087522, 
							"rotation": [ 0.004766,  0.004212, -0.705024,  0.709155], 
							"translation": [-0.050908,  4.349976, -2.557648]
						}, 
						{
							"keytime":  0.100025, 
							"rotation": [ 0.005566,  0.004885, -0.704723,  0.709444], 
							"translation": [-0.050908,  4.355866, -2.557648]
						}, 
						{
							"keytime":  0.112528, 
							"rotation": [ 0.006398,  0.005586, -0.704412,  0.709740], 
							"translation": [-0.050908,  4.361613, -2.557648]
						}, 
						{
							"keytime":  0.125031, 
							"rotation": [ 0.007210,  0.006266, -0.704109,  0.710028], 
							"translation": [-0.050908,  4.366763, -2.557648]
						}, 
						{
							"keytime":  0.137534, 
							"rotation": [ 0.008018,  0.006942, -0.703805,  0.710314], 
							"translation": [-0.050908,  4.371372, -2.557648]
						}, 
						{
							"keytime":  0.150038, 
							"rotation": [ 0.008836,  0.007634, -0.703491,  0.710608], 
							"translation": [-0.050908,  4.375437, -2.557648]
						}, 
						{
							"keytime":  0.162541, 
							"rotation": [ 0.009612,  0.008292, -0.703187,  0.710892], 
							"translation": [-0.050908,  4.378602, -2.557648]
						}, 
						{
							"keytime":  0.175044, 
							"rotation": [ 0.010362,  0.008935, -0.702882,  0.711175], 
							"translation": [-0.050908,  4.380880, -2.557648]
						}, 
						{
							"keytime":  0.187547, 
							"rotation": [ 0.011100,  0.009575, -0.702568,  0.711465], 
							"translation": [-0.050908,  4.382179, -2.557648]
						}, 
						{
							"keytime":  0.200050, 
							"rotation": [ 0.011775,  0.010173, -0.702264,  0.711746], 
							"translation": [-0.050908,  4.382308, -2.557648]
						}, 
						{
							"keytime":  0.212553, 
							"rotation": [ 0.012403,  0.010740, -0.701961,  0.712026], 
							"translation": [-0.050908,  4.380771, -2.557648]
						}, 
						{
							"keytime":  0.225056, 
							"rotation": [ 0.012994,  0.011289, -0.701650,  0.712314], 
							"translation": [-0.050908,  4.377146, -2.557648]
						}, 
						{
							"keytime":  0.237559, 
							"rotation": [ 0.013505,  0.011784, -0.701350,  0.712592], 
							"translation": [-0.050908,  4.371930, -2.557648]
						}, 
						{
							"keytime":  0.250062, 
							"rotation": [ 0.013947,  0.012237, -0.701052,  0.712869], 
							"translation": [-0.050908,  4.365328, -2.557648]
						}, 
						{
							"keytime":  0.262566, 
							"rotation": [ 0.014314,  0.012643, -0.700756,  0.713145], 
							"translation": [-0.050908,  4.357624, -2.557648]
						}, 
						{
							"keytime":  0.275069, 
							"rotation": [ 0.014605,  0.013009, -0.700454,  0.713429], 
							"translation": [-0.050908,  4.348833, -2.557648]
						}, 
						{
							"keytime":  0.287572, 
							"rotation": [ 0.014796,  0.013307, -0.700164,  0.713705], 
							"translation": [-0.050908,  4.339760, -2.557648]
						}, 
						{
							"keytime":  0.300075, 
							"rotation": [ 0.014891,  0.013546, -0.699877,  0.713979], 
							"translation": [-0.050908,  4.330440, -2.557648]
						}, 
						{
							"keytime":  0.312578, 
							"rotation": [ 0.014880,  0.013724, -0.699586,  0.714262], 
							"translation": [-0.050908,  4.320880, -2.557648]
						}, 
						{
							"keytime":  0.325081, 
							"rotation": [ 0.014757,  0.013828, -0.699307,  0.714535], 
							"translation": [-0.050908,  4.311930, -2.557648]
						}, 
						{
							"keytime":  0.337584, 
							"rotation": [ 0.014516,  0.013859, -0.699032,  0.714808], 
							"translation": [-0.050908,  4.303591, -2.557648]
						}, 
						{
							"keytime":  0.350087, 
							"rotation": [ 0.014137,  0.013811, -0.698754,  0.715089], 
							"translation": [-0.050908,  4.295941, -2.557648]
						}, 
						{
							"keytime":  0.362591, 
							"rotation": [ 0.013584,  0.013660, -0.698475,  0.715376], 
							"translation": [-0.050908,  4.288837, -2.557648]
						}, 
						{
							"keytime":  0.375094, 
							"rotation": [ 0.012807,  0.013389, -0.698173,  0.715689], 
							"translation": [-0.050908,  4.281283, -2.557648]
						}, 
						{
							"keytime":  0.387597, 
							"rotation": [ 0.011792,  0.012995, -0.697843,  0.716036], 
							"translation": [-0.050908,  4.273088, -2.557648]
						}, 
						{
							"keytime":  0.400100, 
							"rotation": [ 0.010620,  0.012509, -0.697505,  0.716392], 
							"translation": [-0.050908,  4.264796, -2.557648]
						}, 
						{
							"keytime":  0.412603, 
							"rotation": [ 0.009278,  0.011933, -0.697154,  0.716762], 
							"translation": [-0.050908,  4.256230, -2.557648]
						}, 
						{
							"keytime":  0.425106, 
							"rotation": [ 0.007742,  0.011253, -0.696779,  0.717155], 
							"translation": [-0.050908,  4.247183, -2.557648]
						}, 
						{
							"keytime":  0.437609, 
							"rotation": [ 0.006122,  0.010519, -0.696408,  0.717543], 
							"translation": [-0.050908,  4.238246, -2.557648]
						}, 
						{
							"keytime":  0.450113, 
							"rotation": [ 0.004339,  0.009696, -0.696019,  0.717945], 
							"translation": [-0.050908,  4.228943, -2.557648]
						}, 
						{
							"keytime":  0.462616, 
							"rotation": [ 0.002516,  0.008845, -0.695638,  0.718334], 
							"translation": [-0.050908,  4.219882, -2.557648]
						}, 
						{
							"keytime":  0.475119, 
							"rotation": [ 0.000624,  0.007947, -0.695258,  0.718716], 
							"translation": [-0.050908,  4.210850, -2.557648]
						}, 
						{
							"keytime":  0.487622, 
							"rotation": [-0.001381,  0.006988, -0.694868,  0.719102], 
							"translation": [-0.050908,  4.201638, -2.557648]
						}, 
						{
							"keytime":  0.500125, 
							"rotation": [-0.003358,  0.006028, -0.694497,  0.719462], 
							"translation": [-0.050908,  4.192849, -2.557648]
						}, 
						{
							"keytime":  0.512628, 
							"rotation": [-0.005350,  0.005055, -0.694135,  0.719807], 
							"translation": [-0.050908,  4.184270, -2.557648]
						}, 
						{
							"keytime":  0.525131, 
							"rotation": [-0.007392,  0.004042, -0.693776,  0.720141], 
							"translation": [-0.050908,  4.175714, -2.557648]
						}, 
						{
							"keytime":  0.537634, 
							"rotation": [-0.009353,  0.003065, -0.693444,  0.720443], 
							"translation": [-0.050908,  4.167745, -2.557648]
						}, 
						{
							"keytime":  0.550138, 
							"rotation": [-0.011266,  0.002098, -0.693133,  0.720719], 
							"translation": [-0.050908,  4.160167, -2.557648]
						}, 
						{
							"keytime":  0.562641, 
							"rotation": [-0.013172,  0.001125, -0.692837,  0.720973], 
							"translation": [-0.050908,  4.152833, -2.557648]
						}, 
						{
							"keytime":  0.575144, 
							"rotation": [-0.014937,  0.000212, -0.692578,  0.721188], 
							"translation": [-0.050908,  4.146232, -2.557648]
						}, 
						{
							"keytime":  0.587647, 
							"rotation": [-0.016599, -0.000662, -0.692352,  0.721369], 
							"translation": [-0.050908,  4.140204, -2.557648]
						}, 
						{
							"keytime":  0.600150, 
							"rotation": [-0.018186, -0.001509, -0.692156,  0.721517], 
							"translation": [-0.050908,  4.134655, -2.557648]
						}, 
						{
							"keytime":  0.612653, 
							"rotation": [-0.019583, -0.002271, -0.692008,  0.721621], 
							"translation": [-0.050908,  4.129972, -2.557648]
						}, 
						{
							"keytime":  0.625157, 
							"rotation": [-0.020819, -0.002965, -0.691904,  0.721683], 
							"translation": [-0.050908,  4.126043, -2.557648]
						}, 
						{
							"keytime":  0.637660, 
							"rotation": [-0.021909, -0.003597, -0.691848,  0.721702], 
							"translation": [-0.050908,  4.122846, -2.557648]
						}, 
						{
							"keytime":  0.650163, 
							"rotation": [-0.022762, -0.004124, -0.691848,  0.721672], 
							"translation": [-0.050908,  4.120629, -2.557648]
						}, 
						{
							"keytime":  0.662666, 
							"rotation": [-0.023400, -0.004552, -0.691906,  0.721594], 
							"translation": [-0.050908,  4.119346, -2.557648]
						}, 
						{
							"keytime":  0.675169, 
