{
	"version": "0.7", 
	"id": "", 
	"meshes": [], 
	"materials": [], 
	"nodes": [
		{
			"id": "Bip001", 
			"skeleton": false, 
			"transform": [-0.122831,  0.108838,  0.986441,  0.000000,  0.992336, -0.000000,  0.123565,  0.000000,  0.013449,  0.994060, -0.108004,  0.000000, -0.828146,  11.125311,  0.465563,  1.000000], 
			"children": [
				{
					"id": "Bip001 Pelvis", 
					"skeleton": false, 
					"transform": [ 0.000000,  0.005995,  0.999982,  0.000000,  1.000000,  0.000002, -0.000000,  0.000000, -0.000002,  0.999982, -0.005995,  0.000000,  0.000000,  0.000000,  0.000000,  1.000000], 
					"children": [
						{
							"id": "Bip001 Spine", 
							"skeleton": false, 
							"transform": [ 0.997001,  0.076950, -0.008297,  0.000000, -0.075940,  0.993306,  0.087044,  0.000000,  0.014940, -0.086152,  0.996170,  0.000000,  1.153920,  0.274103, -0.006974,  1.000000], 
							"children": [
								{
									"id": "Bip001 Spine1", 
									"skeleton": false, 
									"transform": [ 0.999465,  0.032638, -0.001804,  0.000000, -0.032548,  0.998780,  0.037125,  0.000000,  0.003013, -0.037047,  0.999309,  0.000000,  0.799726, -0.001227, -0.000046,  1.000000], 
									"children": [
										{
											"id": "Bip001 Neck", 
											"skeleton": false, 
											"transform": [ 1.000000,  0.000000,  0.000000,  0.000000,  0.000000,  1.000000,  0.000000,  0.000000, -0.000000, -0.000000,  1.000000,  0.000000,  2.047665, -0.457580, -0.000001,  1.000000], 
											"children": [
												{
													"id": "Bip001 L Clavicle", 
													"skeleton": false, 
													"transform": [-0.053901,  0.003526,  0.998540,  0.000000, -0.000796, -0.999994,  0.003488,  0.000000,  0.998546, -0.000607,  0.053904,  0.000000, -0.504703, -0.065485,  0.351185,  1.000000], 
													"children": [
														{
															"id": "Bip001 L UpperArm", 
															"skeleton": false, 
															"transform": [ 0.369998,  0.230772, -0.899914,  0.000000, -0.246586,  0.958308,  0.144363,  0.000000,  0.895710,  0.168492,  0.411478,  0.000000,  1.290584,  0.000000,  0.000000,  1.000000], 
															"children": [
																{
																	"id": "Bip001 L Forearm", 
																	"skeleton": false, 
																	"transform": [ 0.837659, -0.546193,  0.000000,  0.000000,  0.546193,  0.837659,  0.000000,  0.000000,  0.000000, -0.000000,  1.000000,  0.000000,  2.563803,  0.000000,  0.000001,  1.000000], 
																	"children": [
																		{
																			"id": "Bip001 L Hand", 
																			"skeleton": false, 
																			"transform": [ 0.996413, -0.080085, -0.027348,  0.000000, -0.028357, -0.011484, -0.999532,  0.000000,  0.079733,  0.996722, -0.013714,  0.000000,  3.010158, -0.000000, -0.000000,  1.000000]
																		}
																	]
																}
															]
														}, 
														{
															"id": "Bone020", 
															"skeleton": false, 
															"transform": [ 0.310044, -0.544617,  0.779273,  0.000000, -0.594623,  0.528476,  0.605919,  0.000000,  0.741820,  0.651234,  0.159991,  0.000000,  0.912058, -1.043956,  0.424020,  1.000000]
														}, 
														{
															"id": "Bone016", 
															"skeleton": false, 
															"transform": [ 0.602130, -0.295039, -0.741883,  0.000000,  0.401957, -0.690839,  0.600977,  0.000000, -0.689833, -0.660071, -0.297382,  0.000000,  0.922177, -1.042858,  0.411103,  1.000000]
														}
													]
												}, 
												{
													"id": "Bip001 R Clavicle", 
													"skeleton": false, 
													"transform": [-0.120978, -0.147312, -0.981664,  0.000000, -0.000787, -0.988913,  0.148497,  0.000000, -0.992655,  0.018738,  0.119521,  0.000000, -0.504703, -0.065483, -0.351186,  1.000000], 
													"children": [
														{
															"id": "Bip001 R UpperArm", 
															"skeleton": false, 
															"transform": [ 0.396682,  0.201028,  0.895674,  0.000000, -0.471282,  0.881917,  0.010784,  0.000000, -0.787741, -0.426393,  0.444582,  0.000000,  1.290584, -0.000000, -0.000000,  1.000000], 
															"children": [
																{
																	"id": "Bip001 R Forearm", 
																	"skeleton": false, 
																	"transform": [ 0.955094, -0.296303,  0.000000,  0.000000,  0.296303,  0.955094, -0.000000,  0.000000, -0.000000, -0.000000,  1.000000,  0.000000,  2.563804,  0.000000,  0.000000,  1.000000], 
																	"children": [
																		{
																			"id": "Bip001 R Hand", 
																			"skeleton": false, 
																			"transform": [ 0.976251, -0.216108,  0.015197,  0.000000, -0.007769,  0.035178,  0.999351,  0.000000, -0.216502, -0.975735,  0.032664,  0.000000,  3.010157,  0.000000,  0.000000,  1.000000], 
																			"children": [
																				{
																					"id": "Bip001 Prop1", 
																					"skeleton": false, 
																					"transform": [ 0.912363,  0.408521, -0.026523,  0.000000, -0.407447,  0.899854, -0.155723,  0.000000, -0.039749,  0.152882,  0.987445,  0.000000,  1.076454, -1.442523, -9.324372,  1.000000]
																				}
																			]
																		}
																	]
																}
															]
														}, 
														{
															"id": "Bone019", 
															"skeleton": false, 
															"transform": [ 0.310046, -0.544615, -0.779272,  0.000000, -0.594625,  0.528473, -0.605918,  0.000000,  0.741817,  0.651237, -0.159991,  0.000000,  0.914635, -1.043952, -0.424019,  1.000000]
														}, 
														{
															"id": "Bone017", 
															"skeleton": false, 
															"transform": [ 0.602132, -0.295037,  0.741883,  0.000000,  0.401958, -0.690838, -0.600977,  0.000000, -0.689831, -0.660073,  0.297383,  0.000000,  0.927829, -1.042855, -0.411104,  1.000000]
														}
													]
												}, 
												{
													"id": "Bip001 Head", 
													"skeleton": false, 
													"transform": [ 0.963221,  0.268100, -0.018082,  0.000000, -0.267949,  0.963377,  0.010351,  0.000000,  0.020195, -0.005126,  0.999783,  0.000000,  0.813082,  0.000000, -0.000000,  1.000000], 
													"children": [
														{
															"id": "Bone029", 
															"skeleton": false, 
															"transform": [-0.000001,  1.000000,  0.000001,  0.000000,  1.000000,  0.000001, -0.000001,  0.000000, -0.000001,  0.000001, -1.000000,  0.000000,  1.100027,  0.971179,  0.000004,  1.000000]
														}, 
														{
															"id": "Bone001", 
															"skeleton": false, 
															"transform": [-0.999987, -0.000002, -0.005000,  0.000000, -0.004893,  0.205622,  0.978619,  0.000000,  0.001026,  0.978631, -0.205619,  0.000000,  1.280972,  0.819968,  1.245031,  1.000000], 
															"children": [
																{
																	"id": "Bone002", 
																	"skeleton": false, 
																	"transform": [ 0.995645, -0.093230, -0.000510,  0.000000,  0.093230,  0.995645,  0.000007,  0.000000,  0.000507, -0.000055,  1.000000,  0.000000,  1.020666,  0.000010,  0.000002,  1.000000]
																}
															]
														}, 
														{
															"id": "Bone027", 
															"skeleton": false, 
															"transform": [-0.999987, -0.000001,  0.005000,  0.000000, -0.004893,  0.205637, -0.978616,  0.000000,  0.001027,  0.978628,  0.205635,  0.000000,  1.280977,  0.819971, -1.245241,  1.000000], 
															"children": [
																{
																	"id": "Bone028", 
																	"skeleton": false, 
																	"transform": [ 0.995644, -0.093230, -0.000510,  0.000000,  0.093230,  0.995645,  0.000007,  0.000000,  0.000507, -0.000054,  1.000000,  0.000000,  1.020666,  0.000013, -0.000001,  1.000000]
																}
															]
														}, 
														{
															"id": "Bone026", 
															"skeleton": false, 
															"transform": [-0.563853,  0.802849,  0.193658,  0.000000,  0.675490,  0.583235, -0.451166,  0.000000,  0.475166,  0.123577,  0.871175,  0.000000,  2.029121, -0.271958,  1.323710,  1.000000]
														}, 
														{
															"id": "Bone025", 
															"skeleton": false, 
															"transform": [-0.563853,  0.802849, -0.193656,  0.000000,  0.675490,  0.583233,  0.451166,  0.000000,  0.475166,  0.123579, -0.871175,  0.000000,  2.029119, -0.271954, -1.335339,  1.000000]
														}
													]
												}
											]
										}, 
										{
											"id": "Bone007", 
											"skeleton": false, 
											"transform": [-0.981931, -0.189240, -0.000000,  0.000000, -0.189240,  0.981931, -0.000001,  0.000000,  0.000000, -0.000001, -1.000000,  0.000000,  1.348335, -2.340190, -0.000006,  1.000000], 
											"children": [
												{
													"id": "Bone008", 
													"skeleton": false, 
													"transform": [ 0.998689, -0.051184, -0.000000,  0.000000,  0.051184,  0.998689, -0.000104,  0.000000,  0.000006,  0.000104,  1.000000,  0.000000,  3.222735,  0.000000,  0.000000,  1.000000], 
													"children": [
														{
															"id": "Bone009", 
															"skeleton": false, 
															"transform": [ 0.999109, -0.042209,  0.000000,  0.000000,  0.042209,  0.999109,  0.000000,  0.000000,  0.000000,  0.000000,  1.000000,  0.000000,  3.827044,  0.000002,  0.000000,  1.000000]
														}
													]
												}
											]
										}, 
										{
											"id": "Bone010", 
											"skeleton": false, 
											"transform": [-0.977178,  0.039230,  0.208767,  0.000000,  0.208912, -0.000393,  0.977935,  0.000000,  0.038447,  0.999230, -0.007812,  0.000000,  1.353061, -1.399137,  1.893181,  1.000000], 
											"children": [
												{
													"id": "Bone011", 
													"skeleton": false, 
													"transform": [ 0.987034, -0.083443,  0.021826,  0.000000,  0.084198,  0.996447,  0.001827,  0.000000, -0.022105,  0.000035,  0.999756,  0.000000,  3.247177, -0.000000,  0.000000,  1.000000], 
													"children": [
														{
															"id": "Bone012", 
															"skeleton": false, 
															"transform": [ 1.008147, -0.060466, -0.000000,  0.000000,  0.059870,  0.998206,  0.000000,  0.000000,  0.000000, -0.000000,  1.000000,  0.000000,  3.787645,  0.000001,  0.000000,  1.000000]
														}
													]
												}
											]
										}, 
										{
											"id": "Bone013", 
											"skeleton": false, 
											"transform": [-0.977156,  0.039240, -0.208869,  0.000000,  0.209035,  0.000145, -0.977908,  0.000000,  0.038343,  0.999230,  0.008344,  0.000000,  1.353062, -1.399132, -1.891644,  1.000000], 
											"children": [
												{
													"id": "Bone014", 
													"skeleton": false, 
													"transform": [ 0.987043, -0.083304,  0.021932,  0.000000,  0.084064,  0.996459,  0.001593,  0.000000, -0.022191,  0.000273,  0.999754,  0.000000,  3.247177, -0.000000,  0.000000,  1.000000], 
													"children": [
														{
															"id": "Bone015", 
															"skeleton": false, 
															"transform": [ 1.008147, -0.060466,  0.000000,  0.000000,  0.059870,  0.998206, -0.000000,  0.000000,  0.000000,  0.000000,  1.000000,  0.000000,  3.787646,  0.000001,  0.000000,  1.000000]
														}
													]
												}
											]
										}
									]
								}, 
								{
									"id": "Bip001 L Thigh", 
									"skeleton": false, 
									"transform": [-0.992098, -0.039703,  0.119015,  0.000000, -0.005452,  0.961354,  0.275262,  0.000000, -0.125344,  0.272438, -0.953974,  0.000000, -1.179936, -0.096691,  1.012865,  1.000000], 
									"children": [
										{
											"id": "Bip001 L Calf", 
											"skeleton": false, 
											"transform": [ 0.989552, -0.144175,  0.000000,  0.000000,  0.144175,  0.989552, -0.000000,  0.000000,  0.000000, -0.000000,  1.000000,  0.000000,  5.016929,  0.000000,  0.000000,  1.000000], 
											"children": [
												{
													"id": "Bip001 L Foot", 
													"skeleton": false, 
													"transform": [ 0.985579,  0.122672,  0.116557,  0.000000, -0.078344,  0.941332, -0.328263,  0.000000, -0.149988,  0.314398,  0.937368,  0.000000,  5.016929,  0.000000,  0.000000,  1.000000], 
													"children": [
														{
															"id": "Bip001 L Toe0", 
															"skeleton": false, 
															"transform": [-0.000000,  1.000000, -0.000000,  0.000000, -1.000000, -0.000000,  0.000000,  0.000000,  0.000000,  0.000000,  1.000000,  0.000000,  1.247525,  1.056461, -0.000000,  1.000000]
														}
													]
												}
											]
										}
									]
								}, 
								{
									"id": "Bip001 R Thigh", 
									"skeleton": false, 
									"transform": [-0.995496, -0.017450, -0.093187,  0.000000, -0.011489,  0.997876, -0.064126,  0.000000,  0.094108, -0.062767, -0.993581,  0.000000, -1.163282, -0.271371, -0.986220,  1.000000], 
									"children": [
										{
											"id": "Bip001 R Calf", 
											"skeleton": false, 
											"transform": [ 0.997941, -0.064131, -0.000000,  0.000000,  0.064131,  0.997941, -0.000000,  0.000000, -0.000000, -0.000000,  1.000000,  0.000000,  5.016929,  0.000000,  0.000000,  1.000000], 
											"children": [
												{
													"id": "Bip001 R Foot", 
													"skeleton": false, 
													"transform": [ 0.996400,  0.041376, -0.073993,  0.000000, -0.014075,  0.941434,  0.336904,  0.000000,  0.083599, -0.334650,  0.938627,  0.000000,  5.016929,  0.000000,  0.000000,  1.000000], 
													"children": [
														{
															"id": "Bip001 R Toe0", 
															"skeleton": false, 
															"transform": [-0.000000,  1.000000,  0.000000,  0.000000, -1.000000, -0.000000, -0.000000,  0.000000, -0.000000, -0.000000,  1.000000,  0.000000,  1.247525,  1.056460, -0.000000,  1.000000]
														}
													]
												}
											]
										}
									]
								}
							]
						}, 
						{
							"id": "Bone022", 
							"skeleton": false, 
							"transform": [-0.999988, -0.004951, -0.000001,  0.000000, -0.004951,  0.999988, -0.000028,  0.000000,  0.000001, -0.000028, -1.000000,  0.000000, -0.105844,  1.025907, -0.000002,  1.000000], 
							"children": [
								{
									"id": "Bone023", 
									"skeleton": false, 
									"transform": [ 0.999988,  0.004950, -0.000000,  0.000000, -0.004950,  0.999988,  0.000000,  0.000000,  0.000000, -0.000000,  1.000000,  0.000000,  2.061739, -0.000000,  0.000000,  1.000000], 
									"children": [
										{
											"id": "Bone024", 
											"skeleton": false, 
											"transform": [ 1.000000, -0.000000, -0.000000,  0.000000,  0.000000,  1.000000, -0.000000,  0.000000,  0.000000,  0.000000,  1.000000,  0.000000,  2.857822,  0.000000, -0.000000,  1.000000]
										}
									]
								}
							]
						}
					]
				}
			]
		}
	], 
	"animations": [
		{
			"id": "Take 001", 
			"length":  2.966000, 
			"bones": [
				{
					"boneId": "Bip001", 
					"keyframes": [
						{
							"keytime":  0.000000, 
							"rotation": [ 0.496279,  0.554715,  0.503693, -0.438510], 
							"scale": [ 1.000000,  1.000000,  1.000000], 
							"translation": [-0.828146,  11.125311,  0.465563]
						}, 
						{
							"keytime":  0.011238, 
							"rotation": [ 0.492394,  0.558900,  0.505879, -0.435046], 
							"translation": [-0.816510,  11.088211,  0.451480]
						}, 
						{
							"keytime":  0.022477, 
							"rotation": [ 0.487893,  0.563564,  0.508641, -0.430860], 
							"translation": [-0.803779,  11.050680,  0.436613]
						}, 
						{
							"keytime":  0.033715, 
							"rotation": [ 0.482908,  0.568590,  0.511764, -0.426149], 
							"translation": [-0.789708,  11.011729,  0.420614]
						}, 
						{
							"keytime":  0.044954, 
							"rotation": [ 0.478028,  0.573428,  0.514759, -0.421537], 
							"translation": [-0.775307,  10.973811,  0.404554]
						}, 
						{
							"keytime":  0.056192, 
							"rotation": [ 0.473409,  0.577981,  0.517425, -0.417244], 
							"translation": [-0.760358,  10.935945,  0.388101]
						}, 
						{
							"keytime":  0.067431, 
							"rotation": [ 0.469361,  0.582020,  0.519484, -0.413630], 
							"translation": [-0.745041,  10.898291,  0.371386]
						}, 
						{
							"keytime":  0.078669, 
							"rotation": [ 0.466120,  0.585406,  0.520681, -0.411003], 
							"translation": [-0.729066,  10.859890,  0.354025]
						}, 
						{
							"keytime":  0.089908, 
							"rotation": [ 0.464197,  0.587719,  0.520671, -0.409889], 
							"translation": [-0.713556,  10.823159,  0.337171]
						}, 
						{
							"keytime":  0.101146, 
							"rotation": [ 0.463811,  0.588856,  0.519158, -0.410612], 
							"translation": [-0.697766,  10.786049,  0.319943]
						}, 
						{
							"keytime":  0.112385, 
							"rotation": [ 0.465370,  0.588477,  0.515989, -0.413377], 
							"translation": [-0.682808,  10.750903,  0.303484]
						}, 
						{
							"keytime":  0.123623, 
							"rotation": [ 0.468808,  0.586630,  0.511170, -0.418079], 
							"translation": [-0.668394,  10.716807,  0.287415]
						}, 
						{
							"keytime":  0.134862, 
							"rotation": [ 0.473976,  0.583348,  0.504596, -0.424776], 
							"translation": [-0.654306,  10.680245,  0.271403]
						}, 
						{
							"keytime":  0.146100, 
							"rotation": [ 0.480240,  0.578964,  0.496759, -0.432898], 
							"translation": [-0.641554,  10.644202,  0.256522]
						}, 
						{
							"keytime":  0.157339, 
							"rotation": [ 0.487397,  0.573539,  0.487588, -0.442443], 
							"translation": [-0.629894,  10.612675,  0.242422]
						}, 
						{
							"keytime":  0.168577, 
							"rotation": [ 0.495356,  0.567010,  0.476855, -0.453577], 
							"translation": [-0.619214,  10.590242,  0.228848]
						}, 
						{
							"keytime":  0.179816, 
							"rotation": [ 0.503313,  0.559914,  0.465310, -0.465467], 
							"translation": [-0.610326,  10.583385,  0.216730]
						}, 
						{
							"keytime":  0.191054, 
							"rotation": [ 0.511805,  0.551686,  0.451849, -0.479094], 
							"translation": [-0.603077,  10.586036,  0.205784]
						}, 
						{
							"keytime":  0.202293, 
							"rotation": [ 0.521350,  0.541632,  0.435438, -0.495200], 
							"translation": [-0.597513,  10.589557,  0.195869]
						}, 
						{
							"keytime":  0.213531, 
							"rotation": [-0.530963, -0.530551, -0.417630,  0.512035], 
							"translation": [-0.594145,  10.593648,  0.187699]
						}, 
						{
							"keytime":  0.224770, 
							"rotation": [-0.540542, -0.518434, -0.398612,  0.529291], 
							"translation": [-0.592963,  10.598361,  0.181092]
						}, 
						{
							"keytime":  0.236008, 
							"rotation": [-0.549773, -0.505612, -0.379070,  0.546272], 
							"translation": [-0.594137,  10.603648,  0.176177]
						}, 
						{
							"keytime":  0.247247, 
							"rotation": [-0.558659, -0.492083, -0.359168,  0.562808], 
							"translation": [-0.598774,  10.609653,  0.173080]
						}, 
						{
							"keytime":  0.258485, 
							"rotation": [-0.566498, -0.479109, -0.340871,  0.577358], 
							"translation": [-0.607138,  10.615973,  0.171994]
						}, 
						{
							"keytime":  0.269724, 
							"rotation": [-0.573445, -0.466808, -0.324404,  0.589927], 
							"translation": [-0.618897,  10.622734,  0.172654]
						}, 
						{
							"keytime":  0.280962, 
							"rotation": [-0.579602, -0.455417, -0.310237,  0.600341], 
							"translation": [-0.634121,  10.630115,  0.175009]
						}, 
						{
							"keytime":  0.292200, 
							"rotation": [-0.584574, -0.446191, -0.300070,  0.607573], 
							"translation": [-0.651490,  10.637635,  0.178774]
						}, 
						{
							"keytime":  0.303439, 
							"rotation": [-0.588777, -0.438707, -0.293387,  0.612211], 
							"translation": [-0.670988,  10.645459,  0.183851]
						}, 
						{
							"keytime":  0.314677, 
							"rotation": [-0.592639, -0.432241, -0.289204,  0.615067], 
							"translation": [-0.692861,  10.653796,  0.190300]
						}, 
						{
							"keytime":  0.325916, 
							"rotation": [-0.596027, -0.427013, -0.287348,  0.616314], 
							"translation": [-0.715398,  10.662108,  0.197596]
						}, 
						{
							"keytime":  0.337154, 
							"rotation": [-0.599130, -0.422641, -0.287241,  0.616368], 
							"translation": [-0.738799,  10.670587,  0.205768]
						}, 
						{
							"keytime":  0.348393, 
							"rotation": [-0.602088, -0.418839, -0.288512,  0.615487], 
							"translation": [-0.763369,  10.679456,  0.214950]
						}, 
						{
							"keytime":  0.359631, 
							"rotation": [-0.604777, -0.415640, -0.290652,  0.614011], 
							"translation": [-0.787239,  10.688148,  0.224457]
						}, 
						{
							"keytime":  0.370870, 
							"rotation": [-0.607333, -0.412733, -0.293250,  0.612211], 
							"translation": [-0.810707,  10.696877,  0.234404]
						}, 
						{
							"keytime":  0.382108, 
							"rotation": [-0.609879, -0.409843, -0.295954,  0.610318], 
							"translation": [-0.834022,  10.705857,  0.244960]
						}, 
						{
							"keytime":  0.393347, 
							"rotation": [-0.612315, -0.406948, -0.298170,  0.608735], 
							"translation": [-0.855389,  10.714522,  0.255358]
						}, 
						{
							"keytime":  0.404585, 
							"rotation": [-0.614844, -0.403675, -0.299574,  0.607675], 
							"translation": [-0.875652,  10.723346,  0.266072]
						}, 
						{
							"keytime":  0.415824, 
							"rotation": [-0.617369, -0.400024, -0.299652,  0.607491], 
							"translation": [-0.893196,  10.731763,  0.276328]
						}, 
						{
							"keytime":  0.427062, 
							"rotation": [-0.620006, -0.395717, -0.298030,  0.608424], 
							"translation": [-0.908224,  10.739988,  0.286296]
						}, 
						{
							"keytime":  0.438301, 
							"rotation": [-0.623170, -0.389903, -0.293952,  0.610923], 
							"translation": [-0.920633,  10.748220,  0.296113]
						}, 
						{
							"keytime":  0.449539, 
							"rotation": [-0.626784, -0.382715, -0.287754,  0.614711], 
							"translation": [-0.929259,  10.755925,  0.305052]
						}, 
						{
							"keytime":  0.460778, 
							"rotation": [-0.630656, -0.374492, -0.279962,  0.619395], 
							"translation": [-0.935751,  10.763308,  0.313774]
						}, 
						{
							"keytime":  0.472016, 
							"rotation": [-0.634646, -0.365471, -0.270920,  0.624707], 
							"translation": [-0.941823,  10.770527,  0.323011]
						}, 
						{
							"keytime":  0.483255, 
							"rotation": [-0.638287, -0.356707, -0.261802,  0.629928], 
							"translation": [-0.947149,  10.777113,  0.332204]
						}, 
						{
							"keytime":  0.494493, 
							"rotation": [-0.641503, -0.348479, -0.253002,  0.634843], 
							"translation": [-0.951937,  10.783239,  0.341603]
						}, 
						{
							"keytime":  0.505732, 
							"rotation": [-0.644200, -0.341150, -0.244966,  0.639230], 
							"translation": [-0.956329,  10.789024,  0.351484]
						}, 
						{
							"keytime":  0.516970, 
							"rotation": [-0.646078, -0.335725, -0.238843,  0.642516], 
							"translation": [-0.960087,  10.794082,  0.361248]
						}, 
						{
							"keytime":  0.528209, 
							"rotation": [-0.647099, -0.332541, -0.235052,  0.644539], 
							"translation": [-0.963371,  10.798547,  0.371165]
						}, 
						{
							"keytime":  0.539447, 
							"rotation": [-0.647112, -0.332204, -0.234292,  0.644976], 
							"translation": [-0.966280,  10.802476,  0.381524]
						}, 
						{
							"keytime":  0.550686, 
							"rotation": [-0.645943, -0.335298, -0.237280,  0.643453], 
							"translation": [-0.968663,  10.805598,  0.391698]
						}, 
						{
							"keytime":  0.561924, 
							"rotation": [-0.643910, -0.340737, -0.242744,  0.640589], 
							"translation": [-0.970635,  10.807710,  0.401973]
						}, 
						{
							"keytime":  0.573163, 
							"rotation": [-0.641385, -0.347265, -0.249190,  0.637131], 
							"translation": [-0.972259,  10.808599,  0.412644]
						}, 
						{
							"keytime":  0.584401, 
							"rotation": [-0.638524, -0.354405, -0.256163,  0.633297], 
							"translation": [-0.973459,  10.808318,  0.423068]
						}, 
						{
							"keytime":  0.595640, 
							"rotation": [-0.635266, -0.362247, -0.263772,  0.628998], 
							"translation": [-0.974312,  10.807017,  0.433539]
						}, 
						{
							"keytime":  0.606878, 
							"rotation": [-0.631499, -0.370971, -0.272207,  0.624093], 
							"translation": [-0.974848,  10.804730,  0.444358]
						}, 
						{
							"keytime":  0.618117, 
							"rotation": [-0.627455, -0.379973, -0.280903,  0.618882], 
							"translation": [-0.975058,  10.801699,  0.454871]
						}, 
						{
							"keytime":  0.629355, 
							"rotation": [-0.623039, -0.389415, -0.290031,  0.613238], 
							"translation": [-0.974982,  10.797974,  0.465377]
						}, 
						{
							"keytime":  0.640594, 
							"rotation": [-0.618113, -0.399512, -0.299816,  0.606989], 
							"translation": [-0.974629,  10.793531,  0.476178]
						}, 
						{
							"keytime":  0.651832, 
							"rotation": [-0.612985, -0.409585, -0.309617,  0.600522], 
							"translation": [-0.974040,  10.788740,  0.486619]
						}, 
						{
							"keytime":  0.663071, 
							"rotation": [-0.607536, -0.419843, -0.319650,  0.593680], 
							"translation": [-0.973230,  10.783584,  0.497001]
						}, 
						{
							"keytime":  0.674309, 
							"rotation": [-0.601610, -0.430520, -0.330161,  0.586270], 
							"translation": [-0.972185,  10.778008,  0.507617]
						}, 
						{
							"keytime":  0.685548, 
							"rotation": [-0.595585, -0.440907, -0.340470,  0.578757], 
							"translation": [-0.970989,  10.772445,  0.517825]
						}, 
						{
							"keytime":  0.696786, 
							"rotation": [-0.589325, -0.451242, -0.350823,  0.570964], 
							"translation": [-0.969635,  10.766845,  0.527922]
						}, 
						{
							"keytime":  0.708025, 
							"rotation": [-0.582667, -0.461760, -0.361473,  0.562685], 
							"translation": [-0.968097,  10.761154,  0.538189]
						}, 
						{
							"keytime":  0.719263, 
							"rotation": [-0.576046, -0.471770, -0.371738,  0.554450], 
							"translation": [-0.966487,  10.755812,  0.548004]
						}, 
						{
							"keytime":  0.730502, 
							"rotation": [-0.569314, -0.481518, -0.381877,  0.546069], 
							"translation": [-0.964781,  10.750764,  0.557654]
						}, 
						{
							"keytime":  0.741740, 
							"rotation": [-0.562315, -0.491222, -0.392139,  0.537336], 
							"translation": [-0.962948,  10.745977,  0.567406]
						}, 
						{
							"keytime":  0.752978, 
							"rotation": [-0.555515, -0.500251, -0.401872,  0.528820], 
							"translation": [-0.961115,  10.741846,  0.576667]
						}, 
						{
							"keytime":  0.764217, 
							"rotation": [-0.548766, -0.508842, -0.411335,  0.520326], 
							"translation": [-0.959250,  10.738333,  0.585710]
						}, 
						{
							"keytime":  0.775455, 
							"rotation": [-0.541929, -0.517180, -0.420758,  0.511664], 
							"translation": [-0.957319,  10.735474,  0.594781]
						}, 
						{
							"keytime":  0.786694, 
							"rotation": [-0.535472, -0.524727, -0.429547,  0.503409], 
							"translation": [-0.955455,  10.733545,  0.603328]
						}, 
						{
							"keytime":  0.797932, 
							"rotation": [ 0.529256,  0.531692,  0.437948, -0.495372], 
							"translation": [-0.953624,  10.732560,  0.611603]
						}, 
						{
							"keytime":  0.809171, 
							"rotation": [ 0.523176,  0.538214,  0.446160, -0.487394], 
							"translation": [-0.951793,  10.732648,  0.619828]
						}, 
						{
							"keytime":  0.820409, 
							"rotation": [ 0.517660,  0.543873,  0.453669, -0.480015], 
							"translation": [-0.950108,  10.733910,  0.627508]
						}, 
						{
							"keytime":  0.831648, 
							"rotation": [ 0.512551,  0.548886,  0.460707, -0.473038], 
							"translation": [-0.945080,  10.736445,  0.633251]
						}, 
						{
							"keytime":  0.842886, 
							"rotation": [ 0.512500,  0.547662,  0.465708, -0.469602], 
							"translation": [-0.934096,  10.740499,  0.635674]
						}, 
						{
							"keytime":  0.854124, 
							"rotation": [ 0.519357,  0.538072,  0.467617, -0.471255], 
							"translation": [-0.919683,  10.745943,  0.634973]
						}, 
						{
							"keytime":  0.865363, 
							"rotation": [ 0.528902,  0.525006,  0.467925, -0.475056], 
							"translation": [-0.903472,  10.752933,  0.631614]
						}, 
						{
							"keytime":  0.876601, 
							"rotation": [ 0.537151,  0.513395,  0.468049, -0.478356], 
							"translation": [-0.887336,  10.767110,  0.625943]
						}, 
						{
							"keytime":  0.887840, 
							"rotation": [ 0.540250,  0.508416,  0.469677, -0.478587], 
							"translation": [-0.872776,  10.793425,  0.618047]
						}, 
						{
							"keytime":  0.899078, 
							"rotation": [ 0.538646,  0.509678,  0.472710, -0.476060], 
							"translation": [-0.862575,  10.827897,  0.608747]
						}, 
						{
							"keytime":  0.910317, 
							"rotation": [ 0.535879,  0.512461,  0.475992, -0.472916], 
							"translation": [-0.855730,  10.868668,  0.597425]
						}, 
						{
							"keytime":  0.921555, 
							"rotation": [ 0.532039,  0.516584,  0.479553, -0.469153], 
							"translation": [-0.850094,  10.914648,  0.583333]
						}, 
						{
							"keytime":  0.932794, 
							"rotation": [ 0.527551,  0.521511,  0.483116, -0.465097], 
							"translation": [-0.845724,  10.960629,  0.567827]
						}, 
						{
							"keytime":  0.944032, 
							"rotation": [ 0.522518,  0.527056,  0.486719, -0.460752], 
							"translation": [-0.842191,  11.005446,  0.551056]
						}, 
						{
							"keytime":  0.955271, 
							"rotation": [ 0.516979,  0.533115,  0.490409, -0.456092], 
							"translation": [-0.839162,  11.047788,  0.533013]
						}, 
						{
							"keytime":  0.966509, 
							"rotation": [ 0.511478,  0.539053,  0.493914, -0.451510], 
							"translation": [-0.836566,  11.082661,  0.515298]
						}, 
						{
							"keytime":  0.977747, 
							"rotation": [ 0.506076,  0.544771,  0.497298, -0.446997], 
							"translation": [-0.834058,  11.108906,  0.497918]
						}, 
						{
							"keytime":  0.988986, 
							"rotation": [ 0.500856,  0.550157,  0.500614, -0.442555], 
							"translation": [-0.831304,  11.124306,  0.480922]
						}, 
						{
							"keytime":  1.000000, 
							"rotation": [ 0.496370,  0.554625,  0.503633, -0.438591], 
							"scale": [ 1.000000,  1.000000,  1.000000], 
							"translation": [-0.828209,  11.125295,  0.465867]
						}
					]
				}, 
				{
					"boneId": "Bip001 Pelvis", 
					"keyframes": [
						{
							"keytime":  0.000000, 
							"rotation": [ 0.501496,  0.501497,  0.498498, -0.498500], 
							"scale": [ 1.000000,  1.000000,  1.000000], 
							"translation": [ 0.000000,  0.000000,  0.000000]
						}, 
						{
							"keytime":  0.011238, 
							"rotation": [ 0.500877,  0.500878,  0.499120, -0.499121]
						}, 
						{
							"keytime":  0.022477, 
							"rotation": [ 0.500014,  0.500014,  0.499986, -0.499986]
						}, 
						{
							"keytime":  0.033715, 
							"rotation": [-0.499490, -0.499488, -0.500512,  0.500510]
						}, 
						{
							"keytime":  0.044954, 
							"rotation": [-0.498762, -0.498762, -0.501235,  0.501235]
						}, 
						{
							"keytime":  0.056192, 
							"rotation": [-0.498020, -0.498020, -0.501972,  0.501972]
						}, 
						{
							"keytime":  0.067431, 
							"rotation": [-0.497273, -0.497274, -0.502711,  0.502712]
						}, 
						{
							"keytime":  0.078669, 
							"rotation": [-0.496510, -0.496511, -0.503465,  0.503466]
						}, 
						{
							"keytime":  0.089908, 
							"rotation": [-0.495785, -0.495786, -0.504179,  0.504179]
						}, 
						{
							"keytime":  0.101146, 
							"rotation": [-0.495067, -0.495068, -0.504884,  0.504885]
						}, 
						{
							"keytime":  0.112385, 
							"rotation": [-0.494407, -0.494408, -0.505530,  0.505531]
						}, 
						{
							"keytime":  0.123623, 
							"rotation": [-0.493795, -0.493795, -0.506129,  0.506129]
						}, 
						{
							"keytime":  0.134862, 
							"rotation": [-0.493225, -0.493226, -0.506684,  0.506684]
						}, 
						{
							"keytime":  0.146100, 
							"rotation": [-0.492742, -0.492743, -0.507153,  0.507154]
						}, 
						{
							"keytime":  0.157339, 
							"rotation": [-0.492339, -0.492340, -0.507544,  0.507545]
						}, 
						{
							"keytime":  0.168577, 
							"rotation": [-0.492019, -0.492019, -0.507855,  0.507856]
						}, 
						{
							"keytime":  0.179816, 
							"rotation": [-0.491809, -0.491810, -0.508058,  0.508059]
						}, 
						{
							"keytime":  0.191054, 
							"rotation": [-0.491847, -0.491848, -0.508021,  0.508022]
						}, 
						{
							"keytime":  0.202293, 
							"rotation": [-0.492236, -0.492238, -0.507644,  0.507645]
						}, 
						{
							"keytime":  0.213531, 
							"rotation": [-0.492871, -0.492872, -0.507028,  0.507028]
						}, 
						{
							"keytime":  0.224770, 
							"rotation": [-0.493676, -0.493677, -0.506244,  0.506245]
						}, 
						{
							"keytime":  0.236008, 
							"rotation": [-0.494569, -0.494569, -0.505372,  0.505373]
						}, 
						{
							"keytime":  0.247247, 
							"rotation": [-0.495494, -0.495496, -0.504464,  0.504466]
						}, 
						{
							"keytime":  0.258485, 
							"rotation": [-0.496316, -0.496317, -0.503656,  0.503657]
						}, 
						{
							"keytime":  0.269724, 
							"rotation": [-0.496982, -0.496983, -0.502999,  0.503000]
						}, 
						{
							"keytime":  0.280962, 
							"rotation": [-0.497420, -0.497420, -0.502567,  0.502567]
						}, 
						{
							"keytime":  0.292200, 
							"rotation": [-0.497520, -0.497521, -0.502467,  0.502468]
						}, 
						{
							"keytime":  0.303439, 
							"rotation": [-0.497335, -0.497337, -0.502649,  0.502650]
						}, 
						{
							"keytime":  0.314677, 
							"rotation": [-0.496963, -0.496964, -0.503017,  0.503019]
						}, 
						{
							"keytime":  0.325916, 
							"rotation": [-0.496454, -0.496455, -0.503520,  0.503521]
						}, 
						{
							"keytime":  0.337154, 
							"rotation": [-0.495829, -0.495830, -0.504135,  0.504136]
						}, 
						{
							"keytime":  0.348393, 
							"rotation": [-0.495094, -0.495095, -0.504857,  0.504858]
						}, 
						{
							"keytime":  0.359631, 
							"rotation": [-0.494322, -0.494322, -0.505615,  0.505615]
						}, 
						{
							"keytime":  0.370870, 
							"rotation": [-0.493519, -0.493520, -0.506397,  0.506398]
						}, 
						{
							"keytime":  0.382108, 
							"rotation": [-0.492693, -0.492694, -0.507201,  0.507202]
						}, 
						{
							"keytime":  0.393347, 
							"rotation": [-0.491921, -0.491922, -0.507950,  0.507951]
						}, 
						{
							"keytime":  0.404585, 
							"rotation": [-0.491188, -0.491189, -0.508659,  0.508659]
						}, 
						{
							"keytime":  0.415824, 
							"rotation": [-0.490567, -0.490568, -0.509257,  0.509258]
						}, 
						{
							"keytime":  0.427062, 
							"rotation": [-0.490066, -0.490067, -0.509740,  0.509741]
						}, 
						{
							"keytime":  0.438301, 
							"rotation": [-0.489706, -0.489706, -0.510086,  0.510087]
						}, 
						{
							"keytime":  0.449539, 
							"rotation": [-0.489538, -0.489538, -0.510247,  0.510248]
						}, 
						{
							"keytime":  0.460778, 
							"rotation": [-0.489591, -0.489592, -0.510196,  0.510197]
						}, 
						{
							"keytime":  0.472016, 
							"rotation": [-0.489872, -0.489873, -0.509926,  0.509926]
						}, 
						{
							"keytime":  0.483255, 
							"rotation": [-0.490325, -0.490326, -0.509491,  0.509491]
						}, 
						{
							"keytime":  0.494493, 
							"rotation": [-0.490914, -0.490915, -0.508923,  0.508923]
						}, 
						{
							"keytime":  0.505732, 
							"rotation": [-0.491622, -0.491623, -0.508239,  0.508240]
						}, 
						{
							"keytime":  0.516970, 
							"rotation": [-0.492365, -0.492366, -0.507519,  0.507520]
						}, 
						{
							"keytime":  0.539447, 
							"rotation": [-0.493883, -0.493884, -0.506042,  0.506043]
						}, 
						{
							"keytime":  0.550686, 
							"rotation": [-0.494554, -0.494555, -0.505386,  0.505387]
						}, 
						{
							"keytime":  0.561924, 
							"rotation": [-0.495123, -0.495124, -0.504829,  0.504830]
						}, 
						{
							"keytime":  0.573163, 
							"rotation": [-0.495561, -0.495562, -0.504399,  0.504400]
						}, 
						{
							"keytime":  0.584401, 
							"rotation": [-0.495803, -0.495804, -0.504161,  0.504162]
						}, 
						{
							"keytime":  0.595640, 
							"rotation": [-0.495833, -0.495834, -0.504131,  0.504132]
						}, 
						{
							"keytime":  0.606878, 
							"rotation": [-0.495669, -0.495669, -0.504293,  0.504294]
						}, 
						{
							"keytime":  0.618117, 
							"rotation": [-0.495359, -0.495359, -0.504598,  0.504598]
						}, 
						{
							"keytime":  0.629355, 
							"rotation": [-0.494941, -0.494942, -0.505007,  0.505008]
						}, 
						{
							"keytime":  0.640594, 
							"rotation": [-0.494440, -0.494441, -0.505498,  0.505498]
						}, 
						{
							"keytime":  0.651832, 
							"rotation": [-0.493926, -0.493927, -0.506000,  0.506001]
						}, 
						{
							"keytime":  0.663071, 
							"rotation": [-0.493426, -0.493427, -0.506488,  0.506489]
						}, 
						{
							"keytime":  0.674309, 
							"rotation": [-0.492966, -0.492967, -0.506935,  0.506936]
						}, 
						{
							"keytime":  0.685548, 
							"rotation": [-0.492616, -0.492617, -0.507276,  0.507277]
						}, 
						{
							"keytime":  0.696786, 
							"rotation": [-0.492401, -0.492402, -0.507485,  0.507486]
						}, 
						{
							"keytime":  0.708025, 
							"rotation": [-0.492363, -0.492364, -0.507522,  0.507522]
						}, 
						{
							"keytime":  0.719263, 
							"rotation": [-0.492546, -0.492547, -0.507344,  0.507344]
						}, 
						{
							"keytime":  0.730502, 
							"rotation": [-0.492981, -0.492982, -0.506921,  0.506921]
						}, 
						{
							"keytime":  0.741740, 
							"rotation": [-0.494224, -0.494224, -0.505710,  0.505710]
						}, 
						{
							"keytime":  0.752978, 
							"rotation": [-0.496405, -0.496406, -0.503568,  0.503570]
						}, 
						{
							"keytime":  0.764217, 
							"rotation": [-0.499133, -0.499133, -0.500865,  0.500865]
						}, 
						{
							"keytime":  0.775455, 
							"rotation": [ 0.502082,  0.502082,  0.497910, -0.497909]
						}, 
						{
							"keytime":  0.786694, 
							"rotation": [ 0.504671,  0.504672,  0.495284, -0.495285]
						}, 
						{
							"keytime":  0.797932, 
							"rotation": [ 0.506595,  0.506595,  0.493316, -0.493317]
						}, 
						{
							"keytime":  0.809171, 
							"rotation": [ 0.507469,  0.507470,  0.492417, -0.492418]
