{
	"version": "0.7", 
	"id": "", 
	"meshes": [], 
	"materials": [], 
	"nodes": [
		{
			"id": "Bip002", 
			"skeleton": false, 
			"transform": [ 0.000000, -1.000000, -0.000000,  0.000000,  1.000000,  0.000000, -0.000000,  0.000000,  0.000000, -0.000000,  1.000000,  0.000000,  0.418214,  4.331451, -2.560356,  1.000000], 
			"children": [
				{
					"id": "Bip002 Pelvis", 
					"skeleton": false, 
					"transform": [ 0.000000,  0.043450,  0.999056,  0.000000,  1.000000,  0.000001, -0.000000,  0.000000, -0.000001,  0.999056, -0.043450,  0.000000,  0.000000,  0.000000,  0.000000,  1.000000], 
					"children": [
						{
							"id": "Bip002 Spine", 
							"skeleton": false, 
							"transform": [ 0.993780, -0.057782,  0.095197,  0.000000,  0.058298,  0.998296, -0.002650,  0.000000, -0.094882,  0.008183,  0.995455,  0.000000,  1.178655, -0.002515, -0.051261,  1.000000], 
							"children": [
								{
									"id": "Bip002 Spine1", 
									"skeleton": false, 
									"transform": [ 0.982114,  0.018137, -0.187408,  0.000000, -0.031399,  0.997188, -0.068042,  0.000000,  0.185647,  0.072709,  0.979923,  0.000000,  3.163160, -0.002749,  0.000188,  1.000000], 
									"children": [
										{
											"id": "Bip002 Neck", 
											"skeleton": false, 
											"transform": [ 0.975954,  0.207605,  0.066432,  0.000000, -0.205823,  0.978043, -0.032708,  0.000000, -0.071764,  0.018248,  0.997255,  0.000000,  3.292214,  0.612631,  0.000013,  1.000000], 
											"children": [
												{
													"id": "Bip002 L Clavicle", 
													"skeleton": false, 
													"transform": [-0.078109,  0.909322,  0.408696,  0.000000, -0.020050, -0.411298,  0.911280,  0.000000,  0.996743,  0.062985,  0.050358,  0.000000, -1.716254, -0.479783,  1.230344,  1.000000], 
													"children": [
														{
															"id": "Bip002 L UpperArm", 
															"skeleton": false, 
															"transform": [ 0.720109, -0.109145, -0.685223,  0.000000, -0.693041, -0.161125, -0.702661,  0.000000, -0.033715,  0.980880, -0.191669,  0.000000,  1.815219,  0.000000,  0.000000,  1.000000], 
															"children": [
																{
																	"id": "Bip002 L Forearm", 
																	"skeleton": false, 
																	"transform": [-0.428582, -0.903503,  0.000000,  0.000000,  0.903503, -0.428582,  0.000000,  0.000000, -0.000000,  0.000000,  1.000000,  0.000000,  2.253309,  0.000000, -0.000000,  1.000000], 
																	"children": [
																		{
																			"id": "Bip002 L Hand", 
																			"skeleton": false, 
																			"transform": [ 0.986980,  0.089615, -0.133567,  0.000000, -0.133505,  0.919572, -0.369544,  0.000000,  0.089708,  0.382565,  0.919563,  0.000000,  2.365267,  0.000000,  0.000000,  1.000000], 
																			"children": [
																				{
																					"id": "Bip002 L Finger0", 
																					"skeleton": false, 
																					"transform": [ 1.000000,  0.000000, -0.000000,  0.000000, -0.000000,  1.000000, -0.000796,  0.000000,  0.000000,  0.000796,  1.000000,  0.000000,  1.312117, -0.000000,  0.000000,  1.000000]
																				}
																			]
																		}
																	]
																}
															]
														}
													]
												}, 
												{
													"id": "Bip002 R Clavicle", 
													"skeleton": false, 
													"transform": [-0.352168,  0.891781, -0.284086,  0.000000, -0.142404, -0.351052, -0.925464,  0.000000, -0.925040, -0.285464,  0.250623,  0.000000, -1.866211, -0.405945, -1.020773,  1.000000], 
													"children": [
														{
															"id": "Bip002 R UpperArm", 
															"skeleton": false, 
															"transform": [ 0.781454,  0.082814,  0.618443,  0.000000, -0.617663, -0.037825,  0.785533,  0.000000,  0.088446, -0.995847,  0.021592,  0.000000,  1.815219,  0.000000,  0.000000,  1.000000], 
															"children": [
																{
																	"id": "Bip002 R Forearm", 
																	"skeleton": false, 
																	"transform": [ 0.070128, -0.997538,  0.000000,  0.000000,  0.997538,  0.070128, -0.000000,  0.000000,  0.000000,  0.000000,  1.000000,  0.000000,  2.253309,  0.000000, -0.000000,  1.000000], 
																	"children": [
																		{
																			"id": "Bip002 R Hand", 
																			"skeleton": false, 
																			"transform": [ 0.546249, -0.570696,  0.613122,  0.000000,  0.579800,  0.785893,  0.214951,  0.000000, -0.604520,  0.238071,  0.760183,  0.000000,  2.365267,  0.000000,  0.000000,  1.000000], 
																			"children": [
																				{
																					"id": "Bip002 R Finger0", 
																					"skeleton": false, 
																					"transform": [ 0.971062,  0.066999, -0.229236,  0.000000, -0.080269,  0.995566, -0.049052,  0.000000,  0.224933,  0.066033,  0.972134,  0.000000,  1.312117, -0.000000,  0.000000,  1.000000]
																				}
																			]
																		}
																	]
																}
															]
														}
													]
												}, 
												{
													"id": "Bip002 Head", 
													"skeleton": false, 
													"transform": [ 0.912738,  0.407008,  0.035408,  0.000000, -0.408537,  0.908719,  0.085600,  0.000000,  0.002664, -0.092596,  0.995700,  0.000000,  0.459409,  0.000000,  0.000000,  1.000000], 
													"children": [
														{
															"id": "Bone006", 
															"skeleton": false, 
															"transform": [ 0.997940,  0.036519, -0.052746,  0.000000,  0.055522, -0.079705,  0.995271,  0.000000,  0.032143, -0.996150, -0.081569,  0.000000,  1.185724,  0.768530,  0.111173,  1.000000]
														}
													]
												}
											]
										}
									]
								}, 
								{
									"id": "Bip002 L Thigh", 
									"skeleton": false, 
									"transform": [-0.213850,  0.975963,  0.042007,  0.000000,  0.976850,  0.213900,  0.003338,  0.000000, -0.005728,  0.041748, -0.999112,  0.000000, -1.068917, -0.069057,  1.184234,  1.000000], 
									"children": [
										{
											"id": "Bip002 L Calf", 
											"skeleton": false, 
											"transform": [ 0.372398, -0.928073, -0.000000,  0.000000,  0.928073,  0.372398,  0.000000,  0.000000,  0.000000, -0.000000,  1.000000,  0.000000,  2.531303, -0.000000,  0.000000,  1.000000], 
											"children": [
												{
													"id": "Bip002 L HorseLink", 
													"skeleton": false, 
													"transform": [ 0.216508,  0.976281,  0.000000,  0.000000, -0.976281,  0.216508,  0.000000,  0.000000,  0.000000, -0.000000,  1.000000,  0.000000,  1.558556,  0.000000,  0.000000,  1.000000], 
													"children": [
														{
															"id": "Bip002 L Foot", 
															"skeleton": false, 
															"transform": [ 0.999332, -0.017206,  0.032238,  0.000000,  0.029153,  0.907318, -0.419432,  0.000000, -0.022033,  0.420092,  0.907214,  0.000000,  0.895599, -0.000000, -0.000000,  1.000000], 
															"children": [
																{
																	"id": "Bip002 L Toe0", 
																	"skeleton": false, 
																	"transform": [-0.090710,  0.969118,  0.229309,  0.000000, -0.970850, -0.137350,  0.196430,  0.000000,  0.221859, -0.204806,  0.953327,  0.000000,  0.577005,  0.742580,  0.000000,  1.000000]
																}
															]
														}
													]
												}
											]
										}
									]
								}, 
								{
									"id": "Bip002 R Thigh", 
									"skeleton": false, 
									"transform": [ 0.165405,  0.985451,  0.039080,  0.000000,  0.970067, -0.155423, -0.186583,  0.000000, -0.177794,  0.068772, -0.981662,  0.000000, -1.264261, -0.063622, -0.858471,  1.000000], 
									"children": [
										{
											"id": "Bip002 R Calf", 
											"skeleton": false, 
											"transform": [ 0.029255, -0.999572,  0.000000,  0.000000,  0.999572,  0.029255,  0.000000,  0.000000,  0.000000, -0.000000,  1.000000,  0.000000,  2.531304,  0.000000, -0.000000,  1.000000], 
											"children": [
												{
													"id": "Bip002 R HorseLink", 
													"skeleton": false, 
													"transform": [ 0.223168,  0.974780, -0.000000,  0.000000, -0.974780,  0.223168, -0.000000,  0.000000,  0.000000,  0.000000,  1.000000,  0.000000,  1.558556,  0.000000,  0.000000,  1.000000], 
													"children": [
														{
															"id": "Bip002 R Foot", 
															"skeleton": false, 
															"transform": [ 0.996975, -0.030885,  0.071319,  0.000000,  0.024003,  0.995148,  0.095412,  0.000000, -0.073920, -0.093411,  0.992880,  0.000000,  0.895599,  0.000000, -0.000000,  1.000000], 
															"children": [
																{
																	"id": "Bip002 R Toe0", 
																	"skeleton": false, 
																	"transform": [-0.022675,  0.995604,  0.090881,  0.000000, -0.995154, -0.031178,  0.093257,  0.000000,  0.095681, -0.088326,  0.991486,  0.000000,  0.577005,  0.742580, -0.000000,  1.000000]
																}
															]
														}
													]
												}
											]
										}
									]
								}
							]
						}
					]
				}, 
				{
					"id": "Bone007", 
					"skeleton": false, 
					"transform": [-0.489405, -0.011564, -0.871980,  0.000000,  0.872036,  0.000291, -0.489441,  0.000000,  0.005914, -0.999933,  0.009942,  0.000000, -0.064794, -0.063746, -1.378705,  1.000000], 
					"children": [
						{
							"id": "Bone008", 
							"skeleton": false, 
							"transform": [ 0.920083, -0.390471,  0.031306,  0.000000,  0.390675,  0.920529, -0.000413,  0.000000, -0.028657,  0.012610,  0.999510,  0.000000,  1.188799, -0.000000,  0.000000,  1.000000], 
							"children": [
								{
									"id": "Bone009", 
									"skeleton": false, 
									"transform": [ 0.910755, -0.412143,  0.025745,  0.000000,  0.412242,  0.911073,  0.001581,  0.000000, -0.024107,  0.009174,  0.999667,  0.000000,  0.852204,  0.000001,  0.000000,  1.000000], 
									"children": [
										{
											"id": "Bone010", 
											"skeleton": false, 
											"transform": [ 0.929369, -0.368983,  0.011216,  0.000000,  0.369002,  0.929429,  0.000375,  0.000000, -0.010563,  0.003790,  0.999937,  0.000000,  1.187043, -0.000000,  0.000000,  1.000000], 
											"children": [
												{
													"id": "Bone011", 
													"skeleton": false, 
													"transform": [ 1.000000, -0.000000, -0.000000,  0.000000,  0.000000,  1.000000, -0.000000,  0.000000,  0.000000,  0.000000,  1.000000,  0.000000,  1.229776,  0.000000,  0.000000,  1.000000]
												}
											]
										}
									]
								}
							]
						}
					]
				}, 
				{
					"id": "Bip001", 
					"skeleton": false, 
					"transform": [ 0.000000, -0.000000,  1.000000,  0.000000,  0.000001,  1.000000, -0.000000,  0.000000, -1.000000,  0.000001,  0.000000,  0.000000, -1.177047, -0.418213,  1.029429,  1.000000], 
					"children": [
						{
							"id": "Bip001 Pelvis", 
							"skeleton": false, 
							"transform": [ 0.000000, -0.000000,  1.000000,  0.000000,  1.000000,  0.000001, -0.000000,  0.000000, -0.000001,  1.000000,  0.000000,  0.000000,  0.000000,  0.000000,  0.000000,  1.000000], 
							"children": [
								{
									"id": "Bip001 Spine", 
									"skeleton": false, 
									"transform": [ 0.969177,  0.246364, -0.000464,  0.000000, -0.200208,  0.786504, -0.584233,  0.000000, -0.143569,  0.566319,  0.811586,  0.000000,  2.078440, -0.001897,  0.001412,  1.000000], 
									"children": [
										{
											"id": "Bip001 Spine1", 
											"skeleton": false, 
											"transform": [ 0.997674,  0.066299,  0.015833,  0.000000, -0.067548,  0.930479,  0.360066,  0.000000,  0.009139, -0.360298,  0.932793,  0.000000,  3.029740, -0.001685, -0.000652,  1.000000], 
											"children": [
												{
													"id": "Bip001 Neck", 
													"skeleton": false, 
													"transform": [ 0.825649,  0.564183,  0.000002,  0.000000, -0.564183,  0.825649, -0.000001,  0.000000, -0.000002, -0.000001,  1.000000,  0.000000,  2.274462, -0.000362,  0.000001,  1.000000], 
													"children": [
														{
															"id": "Bip001 L Clavicle", 
															"skeleton": false, 
															"transform": [-0.227351,  0.155617,  0.961299,  0.000000, -0.564841, -0.825200, -0.000002,  0.000000,  0.793263, -0.542981,  0.275509,  0.000000, -0.326859, -0.086310,  1.737376,  1.000000], 
															"children": [
																{
																	"id": "Bip001 L UpperArm", 
																	"skeleton": false, 
																	"transform": [ 0.884000,  0.279874, -0.374452,  0.000000, -0.066285,  0.867937,  0.492232,  0.000000,  0.462764, -0.410313,  0.785807,  0.000000,  1.562914,  0.000000, -0.000001,  1.000000], 
																	"children": [
																		{
																			"id": "Bip001 L Forearm", 
																			"skeleton": false, 
																			"transform": [ 0.190079, -0.981769, -0.000000,  0.000000,  0.981769,  0.190079, -0.000000,  0.000000,  0.000000, -0.000000,  1.000000,  0.000000,  3.601806,  0.000000,  0.000000,  1.000000], 
																			"children": [
																				{
																					"id": "Bip001 L Hand", 
																					"skeleton": false, 
																					"transform": [ 0.891049,  0.077673,  0.447213,  0.000000,  0.207985,  0.805868, -0.554363,  0.000000, -0.403454,  0.586978,  0.701913,  0.000000,  3.462211, -0.000000, -0.000000,  1.000000], 
																					"children": [
																						{
																							"id": "Bip001 L Finger0", 
																							"skeleton": false, 
																							"transform": [ 0.759596,  0.550834, -0.345826,  0.000000, -0.033843,  0.564471,  0.824759,  0.000000,  0.649514, -0.614780,  0.447412,  0.000000,  0.427484,  0.069175, -1.038960,  1.000000], 
																							"children": [
																								{
																									"id": "Bip001 L Finger01", 
																									"skeleton": false, 
																									"transform": [ 0.939373,  0.342898, -0.000000,  0.000000, -0.342898,  0.939373, -0.000000,  0.000000,  0.000000,  0.000000,  1.000000,  0.000000,  0.762130,  0.000000, -0.000000,  1.000000]
																								}
																							]
																						}, 
																						{
																							"id": "Bip001 L Finger1", 
																							"skeleton": false, 
																							"transform": [ 0.621062,  0.763982, -0.174966,  0.000000, -0.779258,  0.625808, -0.033501,  0.000000,  0.083901,  0.157150,  0.984004,  0.000000,  1.609500,  0.045305, -0.000036,  1.000000], 
																							"children": [
																								{
																									"id": "Bip001 L Finger11", 
																									"skeleton": false, 
																									"transform": [ 0.994828, -0.101574, -0.000000,  0.000000,  0.101574,  0.994828,  0.000000,  0.000000, -0.000000, -0.000000,  1.000000,  0.000000,  0.466341, -0.000000,  0.000000,  1.000000]
																								}
																							]
																						}
																					]
																				}
																			]
																		}
																	]
																}
															]
														}, 
														{
															"id": "Bip001 R Clavicle", 
															"skeleton": false, 
															"transform": [-0.227352,  0.155623, -0.961297,  0.000000, -0.564841, -0.825200, -0.000002,  0.000000, -0.793263,  0.542979,  0.275513,  0.000000, -0.326862, -0.086299, -1.737378,  1.000000], 
															"children": [
																{
																	"id": "Bip001 R UpperArm", 
																	"skeleton": false, 
																	"transform": [ 0.643384,  0.477428,  0.598431,  0.000000, -0.406410,  0.875468, -0.261508,  0.000000, -0.648759, -0.074958,  0.757293,  0.000000,  1.562914,  0.000000,  0.000001,  1.000000], 
																	"children": [
																		{
																			"id": "Bip001 R Forearm", 
																			"skeleton": false, 
																			"transform": [ 0.947822, -0.318800, -0.000000,  0.000000,  0.318800,  0.947822,  0.000000,  0.000000,  0.000000, -0.000000,  1.000000,  0.000000,  3.601806, -0.000000,  0.000001,  1.000000], 
																			"children": [
																				{
																					"id": "Bip001 R Hand", 
																					"skeleton": false, 
																					"transform": [ 1.000000,  0.000000,  0.000000,  0.000000,  0.000000,  0.000796,  1.000000,  0.000000,  0.000000, -1.000000,  0.000796,  0.000000,  3.462211, -0.000001, -0.000001,  1.000000], 
																					"children": [
																						{
																							"id": "Bip001 R Finger0", 
																							"skeleton": false, 
																							"transform": [ 0.759596,  0.550834,  0.345826,  0.000000, -0.033843,  0.564471, -0.824759,  0.000000, -0.649514,  0.614780,  0.447412,  0.000000,  0.427484,  0.069176,  1.038960,  1.000000], 
																							"children": [
																								{
																									"id": "Bip001 R Finger01", 
																									"skeleton": false, 
																									"transform": [ 0.939373,  0.342898,  0.000000,  0.000000, -0.342898,  0.939373, -0.000000,  0.000000, -0.000000, -0.000000,  1.000000,  0.000000,  0.762129, -0.000000, -0.000001,  1.000000]
																								}
																							]
																						}, 
																						{
																							"id": "Bip001 R Finger1", 
																							"skeleton": false, 
																							"transform": [ 0.465304,  0.867039,  0.178144,  0.000000, -0.881166,  0.472807,  0.000376,  0.000000, -0.083901, -0.157150,  0.984004,  0.000000,  1.609499,  0.045305,  0.000035,  1.000000], 
																							"children": [
																								{
																									"id": "Bip001 R Finger11", 
																									"skeleton": false, 
																									"transform": [ 0.996363,  0.085212,  0.000000,  0.000000, -0.085212,  0.996363, -0.000000,  0.000000, -0.000000,  0.000000,  1.000000,  0.000000,  0.466342,  0.000000,  0.000000,  1.000000]
																								}
																							]
																						}
																					]
																				}
																			]
																		}
																	]
																}
															]
														}, 
														{
															"id": "Bip001 Head", 
															"skeleton": false, 
															"transform": [ 0.975540, -0.177585,  0.129555,  0.000000,  0.146859,  0.965061,  0.217001,  0.000000, -0.163565, -0.192667,  0.967536,  0.000000,  0.550350, -0.000000,  0.000000,  1.000000]
														}
													]
												}
											]
										}, 
										{
											"id": "Bip001 L Thigh", 
											"skeleton": false, 
											"transform": [-0.369045,  0.754399,  0.542852,  0.000000,  0.929411,  0.299259,  0.215960,  0.000000,  0.000467,  0.584232, -0.811587,  0.000000, -2.014884, -0.805415,  1.998444,  1.000000], 
											"children": [
												{
													"id": "Bip001 L Calf", 
													"skeleton": false, 
													"transform": [ 0.464372, -0.885640, -0.000000,  0.000000,  0.885640,  0.464372,  0.000000,  0.000000, -0.000000,  0.000000,  1.000000,  0.000000,  2.229676, -0.000000,  0.000000,  1.000000], 
													"children": [
														{
															"id": "Bip001 L Foot", 
															"skeleton": false, 
															"transform": [ 0.989653,  0.143485, -0.000002,  0.000000, -0.143485,  0.989652,  0.000000,  0.000000,  0.000002,  0.000000,  1.000000,  0.000000,  1.647911, -0.000000,  0.000001,  1.000000], 
															"children": [
																{
																	"id": "Bip001 L Toe0", 
																	"skeleton": false, 
																	"transform": [-0.000000,  1.000000, -0.000000,  0.000000, -1.000000, -0.000000,  0.000000,  0.000000,  0.000000,  0.000000,  1.000000,  0.000000,  1.480978,  1.854264, -0.000000,  1.000000]
																}
															]
														}
													]
												}
											]
										}, 
										{
											"id": "Bip001 R Thigh", 
											"skeleton": false, 
											"transform": [-0.364597,  0.755821,  0.543879,  0.000000,  0.931165,  0.295648,  0.213361,  0.000000,  0.000466,  0.584232, -0.811587,  0.000000, -2.012934,  1.642290, -1.401789,  1.000000], 
											"children": [
												{
													"id": "Bip001 R Calf", 
													"skeleton": false, 
													"transform": [ 0.236969, -0.971517, -0.000000,  0.000000,  0.971517,  0.236969, -0.000000,  0.000000,  0.000000, -0.000000,  1.000000,  0.000000,  2.229676, -0.000000, -0.000000,  1.000000], 
													"children": [
														{
															"id": "Bip001 R Foot", 
															"skeleton": false, 
															"transform": [ 0.927592,  0.373595, -0.000001,  0.000000, -0.373595,  0.927592, -0.000000,  0.000000,  0.000001,  0.000000,  1.000000,  0.000000,  1.647911, -0.000000,  0.000001,  1.000000], 
															"children": [
																{
																	"id": "Bip001 R Toe0", 
																	"skeleton": false, 
																	"transform": [-0.000000,  1.000000, -0.000000,  0.000000, -1.000000, -0.000000, -0.000000,  0.000000, -0.000000,  0.000000,  1.000000,  0.000000,  1.385946,  1.854264, -0.000000,  1.000000]
																}
															]
														}
													]
												}
											]
										}
									]
								}, 
								{
									"id": "Bone002", 
									"skeleton": false, 
									"transform": [-0.994498, -0.104758, -0.000001,  0.000000, -0.104758,  0.994498, -0.000006,  0.000000,  0.000002, -0.000006, -1.000000,  0.000000,  0.594342,  2.703135,  0.014773,  1.000000], 
									"children": [
										{
											"id": "Bone003", 
											"skeleton": false, 
											"transform": [ 0.998742,  0.050142,  0.000001,  0.000000, -0.050142,  0.998742, -0.000003,  0.000000, -0.000001,  0.000003,  1.000000,  0.000000,  1.735264,  0.000001,  0.000000,  1.000000], 
											"children": [
												{
													"id": "Bone004", 
													"skeleton": false, 
													"transform": [ 0.999693, -0.024795, -0.000000,  0.000000,  0.024795,  0.999693,  0.000000,  0.000000, -0.000000, -0.000000,  1.000000,  0.000000,  1.555342,  0.000001, -0.000000,  1.000000]
												}
											]
										}
									]
								}, 
								{
									"id": "Bone005", 
									"skeleton": false, 
									"transform": [-0.937859, -0.347017, -0.000002,  0.000000, -0.347019,  0.937864,  0.000127,  0.000000, -0.000042,  0.000120, -0.999994,  0.000000,  0.594330, -2.514552,  0.014819,  1.000000]
								}, 
								{
									"id": "Bone001", 
									"skeleton": false, 
									"transform": [ 0.014880,  0.999889, -0.000003,  0.000000,  0.999889, -0.014880,  0.000001,  0.000000,  0.000001, -0.000003, -1.000000,  0.000000,  0.785448,  1.654107,  0.014776,  1.000000]
								}
							]
						}
					]
				}
			]
		}
	], 
	"animations": [
		{
			"id": "Take 001", 
			"length":  2.333000, 
			"bones": [
				{
					"boneId": "Bip001 R Calf", 
					"keyframes": [
						{
							"keytime":  0.000000, 
							"rotation": [ 0.000000,  0.000000, -0.617670,  0.786438], 
							"scale": [ 1.000000,  1.000000,  1.000000], 
							"translation": [ 2.229676, -0.000000, -0.000000]
						}, 
						{
							"keytime":  0.028576, 
							"translation": [ 2.229676,  0.000000,  0.000000]
						}, 
						{
							"keytime":  0.085727, 
							"translation": [ 2.229676,  0.000000, -0.000002]
						}, 
						{
							"keytime":  0.100014, 
							"translation": [ 2.229675,  0.000000, -0.000000]
						}, 
						{
							"keytime":  0.271467, 
							"translation": [ 2.229676, -0.000000, -0.000001]
						}, 
						{
							"keytime":  0.285755, 
							"translation": [ 2.229676, -0.000000,  0.000001]
						}, 
						{
							"keytime":  0.328618, 
							"translation": [ 2.229676, -0.000000, -0.000001]
						}, 
						{
							"keytime":  0.371482, 
							"translation": [ 2.229676,  0.000000,  0.000001]
						}, 
						{
							"keytime":  0.385769, 
							"translation": [ 2.229676,  0.000000, -0.000001]
						}, 
						{
							"keytime":  0.485784, 
							"translation": [ 2.229676, -0.000000, -0.000002]
						}, 
						{
							"keytime":  0.642949, 
							"translation": [ 2.229676,  0.000000, -0.000001]
						}, 
						{
							"keytime":  0.757251, 
							"translation": [ 2.229676, -0.000000,  0.000001]
						}, 
						{
							"keytime":  0.785827, 
							"translation": [ 2.229676,  0.000000, -0.000002]
						}, 
						{
							"keytime":  0.814402, 
							"translation": [ 2.229676, -0.000000,  0.000001]
						}, 
						{
							"keytime":  0.900129, 
							"translation": [ 2.229676, -0.000000, -0.000000]
						}, 
						{
							"keytime":  0.914417, 
							"translation": [ 2.229676, -0.000000,  0.000000]
						}, 
						{
							"keytime":  1.000000, 
							"rotation": [ 0.000000,  0.000000, -0.617670,  0.786438], 
							"scale": [ 1.000000,  1.000000,  1.000000], 
							"translation": [ 2.229676, -0.000000, -0.000000]
						}
					]
				}, 
				{
					"boneId": "Bip002", 
					"keyframes": [
						{
							"keytime":  0.000000, 
							"rotation": [-0.000000,  0.000000, -0.707107,  0.707107], 
							"scale": [ 1.000000,  1.000000,  1.000000], 
							"translation": [ 0.418214,  4.331451, -2.560356]
						}, 
						{
							"keytime":  0.014288, 
							"rotation": [ 0.000204, -0.000204, -0.707107,  0.707107], 
							"translation": [ 0.343198,  4.331364, -2.560356]
						}, 
						{
							"keytime":  0.028576, 
							"rotation": [ 0.000414, -0.000414, -0.707107,  0.707107], 
							"translation": [ 0.267805,  4.331275, -2.560356]
						}, 
						{
							"keytime":  0.042863, 
							"rotation": [-0.000000,  0.000000, -0.707107,  0.707107], 
							"translation": [ 0.230110,  4.331451, -2.560356]
						}, 
						{
							"keytime":  0.057151, 
							"rotation": [-0.000318,  0.001775, -0.707063,  0.707148], 
							"translation": [ 0.227394,  4.330932, -2.560356]
						}, 
						{
							"keytime":  0.071439, 
							"rotation": [-0.000725,  0.003865, -0.707003,  0.707200], 
							"translation": [ 0.226789,  4.328957, -2.560356]
						}, 
						{
							"keytime":  0.085727, 
							"rotation": [-0.001228,  0.006238, -0.706935,  0.707250], 
							"translation": [ 0.228084,  4.326072, -2.560356]
						}, 
						{
							"keytime":  0.100014, 
							"rotation": [-0.001808,  0.008897, -0.706854,  0.707301], 
							"translation": [ 0.231189,  4.322727, -2.560356]
						}, 
						{
							"keytime":  0.114302, 
							"rotation": [-0.002412,  0.011627, -0.706766,  0.707348], 
							"translation": [ 0.235713,  4.319674, -2.560356]
						}, 
						{
							"keytime":  0.128590, 
							"rotation": [-0.003072,  0.014546, -0.706666,  0.707392], 
							"translation": [ 0.241709,  4.317312, -2.560356]
						}, 
						{
							"keytime":  0.142878, 
							"rotation": [-0.003712,  0.017402, -0.706561,  0.707428], 
							"translation": [ 0.248615,  4.316335, -2.560356]
						}, 
						{
							"keytime":  0.157165, 
							"rotation": [-0.004335,  0.020226, -0.706452,  0.707459], 
							"translation": [ 0.256384,  4.317209, -2.560356]
						}, 
						{
							"keytime":  0.171453, 
							"rotation": [-0.004943,  0.023043, -0.706336,  0.707484], 
							"translation": [ 0.265072,  4.320624, -2.560356]
						}, 
						{
							"keytime":  0.185741, 
							"rotation": [-0.005478,  0.025625, -0.706225,  0.707502], 
							"translation": [ 0.273960,  4.326932, -2.560356]
						}, 
						{
							"keytime":  0.200029, 
							"rotation": [-0.005937,  0.027993, -0.706119,  0.707515], 
							"translation": [ 0.283088,  4.336692, -2.560356]
						}, 
						{
							"keytime":  0.214316, 
							"rotation": [-0.006310,  0.030149, -0.706018,  0.707524], 
							"translation": [ 0.292526,  4.356387, -2.560356]
						}, 
						{
							"keytime":  0.228604, 
							"rotation": [-0.006557,  0.031906, -0.705933,  0.707529], 
							"translation": [ 0.301510,  4.387103, -2.560356]
						}, 
						{
							"keytime":  0.242892, 
							"rotation": [-0.006670,  0.033272, -0.705864,  0.707534], 
							"translation": [ 0.310112,  4.424500, -2.560356]
						}, 
						{
							"keytime":  0.257180, 
							"rotation": [-0.006624,  0.034206, -0.705816,  0.707538], 
							"translation": [ 0.318357,  4.464983, -2.560356]
						}, 
						{
							"keytime":  0.271467, 
							"rotation": [-0.006404,  0.034593, -0.705793,  0.707544], 
							"translation": [ 0.325551,  4.501352, -2.560356]
						}, 
						{
							"keytime":  0.285755, 
							"rotation": [-0.005989,  0.034408, -0.705799,  0.707550], 
							"translation": [ 0.331741,  4.530025, -2.560356]
						}, 
						{
							"keytime":  0.300043, 
							"rotation": [-0.005374,  0.033636, -0.705833,  0.707559], 
							"translation": [ 0.336803,  4.546207, -2.560356]
						}, 
						{
							"keytime":  0.314331, 
							"rotation": [-0.003496,  0.028889, -0.706055,  0.707559], 
							"translation": [ 0.334694,  4.548625, -2.560356]
						}, 
						{
							"keytime":  0.328618, 
							"rotation": [ 0.000077,  0.018820, -0.706471,  0.707492], 
							"translation": [ 0.324159,  4.540487, -2.560356]
						}, 
						{
							"keytime":  0.342906, 
							"rotation": [ 0.004689,  0.005715, -0.706875,  0.707300], 
							"translation": [ 0.311898,  4.523946, -2.560356]
						}, 
						{
							"keytime":  0.357194, 
							"rotation": [ 0.009818, -0.008464, -0.707191,  0.706904], 
							"translation": [ 0.304523,  4.500107, -2.560356]
						}, 
						{
							"keytime":  0.371482, 
							"rotation": [ 0.014450, -0.020461, -0.707266,  0.706503], 
							"translation": [ 0.309234,  4.472278, -2.560356]
						}, 
						{
							"keytime":  0.385769, 
							"rotation": [ 0.018051, -0.028287, -0.707249,  0.706168], 
							"translation": [ 0.332460,  4.441917, -2.560356]
						}, 
						{
							"keytime":  0.400057, 
							"rotation": [ 0.020613, -0.032239, -0.707286,  0.705891], 
							"translation": [ 0.377612,  4.396191, -2.560356]
						}, 
						{
							"keytime":  0.414345, 
							"rotation": [ 0.022532, -0.034245, -0.707489,  0.705534], 
							"translation": [ 0.436194,  4.335747, -2.560356]
						}, 
						{
							"keytime":  0.428633, 
							"rotation": [ 0.024112, -0.034935, -0.707759,  0.705178], 
							"translation": [ 0.504632,  4.275469, -2.560356]
						}, 
						{
							"keytime":  0.442920, 
							"rotation": [ 0.025605, -0.034745, -0.707995,  0.704897], 
							"translation": [ 0.580576,  4.230594, -2.560356]
						}, 
						{
							"keytime":  0.457208, 
							"rotation": [ 0.027133, -0.034142, -0.708074,  0.704790], 
							"translation": [ 0.654889,  4.208211, -2.560356]
						}, 
						{
							"keytime":  0.471496, 
							"rotation": [ 0.028956, -0.033586, -0.707897,  0.704922], 
							"translation": [ 0.725132,  4.198171, -2.560356]
						}, 
						{
							"keytime":  0.485784, 
							"rotation": [ 0.031356, -0.033531, -0.707331,  0.705390], 
							"translation": [ 0.788372,  4.197625, -2.560356]
						}, 
						{
							"keytime":  0.500071, 
							"rotation": [ 0.034397, -0.034447, -0.706291,  0.706246], 
							"translation": [ 0.836152,  4.203671, -2.560356]
						}, 
						{
							"keytime":  0.514359, 
							"rotation": [ 0.038686, -0.036750, -0.704373,  0.707822], 
							"translation": [ 0.873556,  4.212513, -2.560356]
						}, 
						{
							"keytime":  0.528647, 
							"rotation": [ 0.043906, -0.040020, -0.701620,  0.710070], 
							"translation": [ 0.903766,  4.222013, -2.560356]
						}, 
						{
							"keytime":  0.542935, 
							"rotation": [ 0.049768, -0.043825, -0.698300,  0.712727], 
							"translation": [ 0.928169,  4.232970, -2.560356]
						}, 
						{
							"keytime":  0.557222, 
							"rotation": [ 0.056045, -0.047790, -0.694626,  0.715590], 
							"translation": [ 0.947390,  4.246383, -2.560356]
						}, 
						{
							"keytime":  0.571510, 
							"rotation": [ 0.061954, -0.051187, -0.691157,  0.718222], 
							"translation": [ 0.960443,  4.262036, -2.560356]
						}, 
						{
							"keytime":  0.585798, 
							"rotation": [ 0.067269, -0.053653, -0.688142,  0.720456], 
							"translation": [ 0.968123,  4.280858, -2.560356]
						}, 
						{
							"keytime":  0.600086, 
							"rotation": [ 0.071692, -0.054706, -0.685895,  0.722091], 
							"translation": [ 0.970568,  4.304163, -2.560356]
						}, 
						{
							"keytime":  0.614374, 
							"rotation": [ 0.074553, -0.053805, -0.684923,  0.722792], 
							"translation": [ 0.967819,  4.331107, -2.560356]
						}, 
						{
							"keytime":  0.628661, 
							"rotation": [ 0.075498, -0.049190, -0.685976,  0.722023], 
							"translation": [ 0.952136,  4.372388, -2.560356]
						}, 
						{
							"keytime":  0.642949, 
							"rotation": [ 0.074585, -0.040353, -0.689114,  0.719674], 
							"translation": [ 0.918890,  4.432491, -2.560356]
						}, 
						{
							"keytime":  0.657237, 
							"rotation": [ 0.072359, -0.029763, -0.693198,  0.716488], 
							"translation": [ 0.876908,  4.497061, -2.560356]
						}, 
						{
							"keytime":  0.671525, 
							"rotation": [ 0.069320, -0.019150, -0.697381,  0.713083], 
							"translation": [ 0.832287,  4.556889, -2.560356]
						}, 
						{
							"keytime":  0.685812, 
							"rotation": [ 0.065872, -0.010246, -0.700922,  0.710116], 
							"translation": [ 0.790791,  4.602193, -2.560356]
						}, 
						{
							"keytime":  0.700100, 
							"rotation": [ 0.062745, -0.005553, -0.702812,  0.708581], 
							"translation": [ 0.761843,  4.619321, -2.560356]
						}, 
						{
							"keytime":  0.714388, 
							"rotation": [ 0.059871, -0.003659, -0.703618,  0.708042], 
							"translation": [ 0.741213,  4.618023, -2.560356]
						}, 
						{
							"keytime":  0.728676, 
							"rotation": [ 0.056848, -0.002060, -0.704324,  0.707596], 
							"translation": [ 0.720683,  4.613805, -2.560356]
						}, 
						{
							"keytime":  0.742964, 
							"rotation": [ 0.053859, -0.000810, -0.704905,  0.707254], 
							"translation": [ 0.701369,  4.607229, -2.560356]
						}, 
						{
							"keytime":  0.757251, 
							"rotation": [ 0.050821,  0.000167, -0.705391,  0.706995], 
							"translation": [ 0.682614,  4.598428, -2.560356]
						}, 
						{
							"keytime":  0.771539, 
							"rotation": [ 0.047647,  0.000917, -0.705801,  0.706805], 
							"translation": [ 0.663827,  4.587263, -2.560356]
						}, 
						{
							"keytime":  0.785827, 
							"rotation": [ 0.044530,  0.001422, -0.706121,  0.706688], 
							"translation": [ 0.646066,  4.574616, -2.560356]
						}, 
						{
							"keytime":  0.800115, 
							"rotation": [ 0.041382,  0.001733, -0.706372,  0.706628], 
							"translation": [ 0.628725,  4.560408, -2.560356]
						}, 
						{
							"keytime":  0.814402, 
							"rotation": [ 0.038113,  0.001880, -0.706567,  0.706617], 
							"translation": [ 0.611249,  4.544369, -2.560356]
						}, 
						{
							"keytime":  0.828690, 
							"rotation": [ 0.034922,  0.001878, -0.706703,  0.706646], 
							"translation": [ 0.594620,  4.527667, -2.560356]
						}, 
						{
							"keytime":  0.842978, 
							"rotation": [ 0.031720,  0.001761, -0.706794,  0.706706], 
							"translation": [ 0.578272,  4.510067, -2.560356]
						}, 
						{
							"keytime":  0.857266, 
							"rotation": [ 0.028413,  0.001549, -0.706850,  0.706791], 
							"translation": [ 0.561674,  4.491232, -2.560356]
						}, 
						{
							"keytime":  0.871554, 
							"rotation": [ 0.025205,  0.001278, -0.706876,  0.706887], 
							"translation": [ 0.545756,  4.472490, -2.560356]
						}, 
						{
							"keytime":  0.885841, 
							"rotation": [ 0.022002,  0.000972, -0.706883,  0.706988], 
							"translation": [ 0.529980,  4.453517, -2.560356]
						}, 
						{
							"keytime":  0.900129, 
							"rotation": [ 0.018717,  0.000643, -0.706878,  0.707087], 
							"translation": [ 0.513827,  4.433961, -2.560356]
						}, 
						{
							"keytime":  0.914417, 
							"rotation": [ 0.015546,  0.000342, -0.706871,  0.707171], 
							"translation": [ 0.498199,  4.415195, -2.560356]
						}, 
						{
							"keytime":  0.928704, 
							"rotation": [ 0.012398,  0.000084, -0.706870,  0.707235], 
							"translation": [ 0.482575,  4.396863, -2.560356]
						}, 
						{
							"keytime":  0.942992, 
							"rotation": [ 0.009190, -0.000114, -0.706884,  0.707269], 
							"translation": [ 0.466432,  4.378664, -2.560356]
						}, 
						{
							"keytime":  0.957280, 
							"rotation": [ 0.006111, -0.000207, -0.706922,  0.707265], 
							"translation": [ 0.450674,  4.361891, -2.560356]
						}, 
						{
							"keytime":  0.971568, 
							"rotation": [ 0.003069, -0.000174, -0.706991,  0.707216], 
							"translation": [ 0.434780,  4.346217, -2.560356]
						}, 
						{
							"keytime":  0.985855, 
							"rotation": [-0.000000,  0.000000, -0.707107,  0.707107], 
							"translation": [ 0.418214,  4.331451, -2.560356]
						}, 
						{
							"keytime":  1.000000, 
							"rotation": [-0.000000,  0.000000, -0.707107,  0.707107], 
							"scale": [ 1.000000,  1.000000,  1.000000], 
							"translation": [ 0.418214,  4.331451, -2.560356]
						}
					]
				}, 
				{
					"boneId": "Bip002 Pelvis", 
					"keyframes": [
						{
							"keytime":  0.000000, 
							"rotation": [ 0.510747,  0.510747,  0.489016, -0.489017], 
							"scale": [ 1.000000,  1.000000,  1.000000], 
							"translation": [ 0.000000,  0.000000,  0.000000]
						}, 
						{
							"keytime":  0.014288, 
							"rotation": [ 0.508447,  0.509529,  0.490308, -0.491386]
						}, 
						{
							"keytime":  0.028576, 
							"rotation": [ 0.505929,  0.508122,  0.491777, -0.493967]
						}, 
						{
							"keytime":  0.042863, 
							"rotation": [ 0.503237,  0.506585,  0.493359, -0.496711]
						}, 
						{
							"keytime":  0.057151, 
							"rotation": [ 0.500655,  0.505120,  0.494849, -0.499322]
						}, 
						{
							"keytime":  0.071439, 
							"rotation": [-0.498233, -0.503792, -0.496188,  0.501752]
						}, 
						{
							"keytime":  0.085727, 
							"rotation": [-0.496099, -0.502713, -0.497268,  0.503875]
						}, 
						{
							"keytime":  0.100014, 
							"rotation": [-0.494338, -0.501981, -0.498001,  0.505608]
						}, 
						{
							"keytime":  0.114302, 
							"rotation": [-0.493188, -0.501755, -0.498238,  0.506721]
						}, 
						{
							"keytime":  0.128590, 
							"rotation": [-0.492520, -0.502066, -0.497957,  0.507338]
						}, 
						{
							"keytime":  0.142878, 
							"rotation": [-0.492199, -0.502793, -0.497276,  0.507598]
						}, 
						{
							"keytime":  0.157165, 
							"rotation": [-0.492155, -0.503840, -0.496284,  0.507573]
						}, 
						{
							"keytime":  0.171453, 
