{
	"version": "0.7", 
	"id": "", 
	"meshes": [], 
	"materials": [], 
	"nodes": [
		{
			"id": "Bip002", 
			"skeleton": false, 
			"transform": [ 0.000000, -1.000000, -0.000000,  0.000000,  1.000000,  0.000000, -0.000000,  0.000000,  0.000000, -0.000000,  1.000000,  0.000000,  0.418214,  4.331451, -2.560356,  1.000000], 
			"children": [
				{
					"id": "Bip002 Pelvis", 
					"skeleton": false, 
					"transform": [ 0.000000,  0.043450,  0.999056,  0.000000,  1.000000,  0.000001, -0.000000,  0.000000, -0.000001,  0.999056, -0.043450,  0.000000,  0.000000,  0.000000,  0.000000,  1.000000], 
					"children": [
						{
							"id": "Bip002 Spine", 
							"skeleton": false, 
							"transform": [ 0.993780, -0.057782,  0.095197,  0.000000,  0.058298,  0.998296, -0.002650,  0.000000, -0.094882,  0.008183,  0.995455,  0.000000,  1.178655, -0.002515, -0.051261,  1.000000], 
							"children": [
								{
									"id": "Bip002 Spine1", 
									"skeleton": false, 
									"transform": [ 0.982114,  0.018137, -0.187408,  0.000000, -0.031399,  0.997188, -0.068042,  0.000000,  0.185647,  0.072709,  0.979923,  0.000000,  3.163160, -0.002749,  0.000188,  1.000000], 
									"children": [
										{
											"id": "Bip002 Neck", 
											"skeleton": false, 
											"transform": [ 0.975954,  0.207605,  0.066432,  0.000000, -0.205823,  0.978043, -0.032708,  0.000000, -0.071764,  0.018248,  0.997255,  0.000000,  3.292214,  0.612631,  0.000013,  1.000000], 
											"children": [
												{
													"id": "Bip002 L Clavicle", 
													"skeleton": false, 
													"transform": [-0.078109,  0.909322,  0.408696,  0.000000, -0.020050, -0.411298,  0.911280,  0.000000,  0.996743,  0.062985,  0.050358,  0.000000, -1.716254, -0.479783,  1.230344,  1.000000], 
													"children": [
														{
															"id": "Bip002 L UpperArm", 
															"skeleton": false, 
															"transform": [ 0.720109, -0.109145, -0.685223,  0.000000, -0.693041, -0.161125, -0.702661,  0.000000, -0.033715,  0.980880, -0.191669,  0.000000,  1.815220,  0.000000,  0.000000,  1.000000], 
															"children": [
																{
																	"id": "Bip002 L Forearm", 
																	"skeleton": false, 
																	"transform": [-0.428582, -0.903503, -0.000000,  0.000000,  0.903503, -0.428582, -0.000000,  0.000000,  0.000000, -0.000000,  1.000000,  0.000000,  2.253309,  0.000000, -0.000000,  1.000000], 
																	"children": [
																		{
																			"id": "Bip002 L Hand", 
																			"skeleton": false, 
																			"transform": [ 0.986980,  0.089615, -0.133567,  0.000000, -0.133505,  0.919572, -0.369544,  0.000000,  0.089708,  0.382565,  0.919563,  0.000000,  2.365267,  0.000000, -0.000000,  1.000000], 
																			"children": [
																				{
																					"id": "Bip002 L Finger0", 
																					"skeleton": false, 
																					"transform": [ 1.000000,  0.000000, -0.000000,  0.000000, -0.000000,  1.000000, -0.000796,  0.000000,  0.000000,  0.000796,  1.000000,  0.000000,  1.312117,  0.000000,  0.000000,  1.000000]
																				}
																			]
																		}
																	]
																}
															]
														}
													]
												}, 
												{
													"id": "Bip002 R Clavicle", 
													"skeleton": false, 
													"transform": [-0.352168,  0.891781, -0.284086,  0.000000, -0.142404, -0.351052, -0.925464,  0.000000, -0.925040, -0.285464,  0.250623,  0.000000, -1.866211, -0.405945, -1.020773,  1.000000], 
													"children": [
														{
															"id": "Bip002 R UpperArm", 
															"skeleton": false, 
															"transform": [ 0.781454,  0.082814,  0.618443,  0.000000, -0.617663, -0.037825,  0.785533,  0.000000,  0.088446, -0.995847,  0.021592,  0.000000,  1.815219,  0.000000,  0.000000,  1.000000], 
															"children": [
																{
																	"id": "Bip002 R Forearm", 
																	"skeleton": false, 
																	"transform": [ 0.070128, -0.997538, -0.000000,  0.000000,  0.997538,  0.070128, -0.000000,  0.000000, -0.000000, -0.000000,  1.000000,  0.000000,  2.253309,  0.000000,  0.000000,  1.000000], 
																	"children": [
																		{
																			"id": "Bip002 R Hand", 
																			"skeleton": false, 
																			"transform": [ 0.546249, -0.570696,  0.613122,  0.000000,  0.579800,  0.785893,  0.214951,  0.000000, -0.604520,  0.238071,  0.760183,  0.000000,  2.365267,  0.000000,  0.000000,  1.000000], 
																			"children": [
																				{
																					"id": "Bip002 R Finger0", 
																					"skeleton": false, 
																					"transform": [ 0.971062,  0.066999, -0.229236,  0.000000, -0.080269,  0.995566, -0.049052,  0.000000,  0.224933,  0.066033,  0.972134,  0.000000,  1.312117, -0.000000,  0.000000,  1.000000]
																				}
																			]
																		}
																	]
																}
															]
														}
													]
												}, 
												{
													"id": "Bip002 Head", 
													"skeleton": false, 
													"transform": [ 0.912738,  0.407008,  0.035408,  0.000000, -0.408537,  0.908719,  0.085600,  0.000000,  0.002664, -0.092596,  0.995700,  0.000000,  0.459409,  0.000000,  0.000000,  1.000000], 
													"children": [
														{
															"id": "Bone006", 
															"skeleton": false, 
															"transform": [ 0.962857,  0.268080, -0.032244,  0.000000,  0.055521, -0.079705,  0.995271,  0.000000,  0.264242, -0.960094, -0.091628,  0.000000,  1.185723,  0.768530,  0.111173,  1.000000]
														}
													]
												}
											]
										}
									]
								}, 
								{
									"id": "Bip002 L Thigh", 
									"skeleton": false, 
									"transform": [-0.213850,  0.975963,  0.042007,  0.000000,  0.976850,  0.213900,  0.003338,  0.000000, -0.005728,  0.041748, -0.999112,  0.000000, -1.068917, -0.069057,  1.184234,  1.000000], 
									"children": [
										{
											"id": "Bip002 L Calf", 
											"skeleton": false, 
											"transform": [ 0.372398, -0.928073,  0.000000,  0.000000,  0.928073,  0.372398, -0.000000,  0.000000, -0.000000,  0.000000,  1.000000,  0.000000,  2.531303, -0.000000,  0.000000,  1.000000], 
											"children": [
												{
													"id": "Bip002 L HorseLink", 
													"skeleton": false, 
													"transform": [ 0.216508,  0.976281,  0.000000,  0.000000, -0.976281,  0.216508,  0.000000,  0.000000,  0.000000, -0.000000,  1.000000,  0.000000,  1.558556,  0.000000,  0.000000,  1.000000], 
													"children": [
														{
															"id": "Bip002 L Foot", 
															"skeleton": false, 
															"transform": [ 0.999332, -0.017206,  0.032238,  0.000000,  0.029153,  0.907318, -0.419432,  0.000000, -0.022033,  0.420092,  0.907214,  0.000000,  0.895599, -0.000000, -0.000000,  1.000000], 
															"children": [
																{
																	"id": "Bip002 L Toe0", 
																	"skeleton": false, 
																	"transform": [-0.090710,  0.969118,  0.229309,  0.000000, -0.970850, -0.137350,  0.196430,  0.000000,  0.221859, -0.204806,  0.953327,  0.000000,  0.577005,  0.742580, -0.000000,  1.000000]
																}
															]
														}
													]
												}
											]
										}
									]
								}, 
								{
									"id": "Bip002 R Thigh", 
									"skeleton": false, 
									"transform": [ 0.165405,  0.985451,  0.039080,  0.000000,  0.970067, -0.155423, -0.186583,  0.000000, -0.177794,  0.068772, -0.981662,  0.000000, -1.264261, -0.063622, -0.858471,  1.000000], 
									"children": [
										{
											"id": "Bip002 R Calf", 
											"skeleton": false, 
											"transform": [ 0.029255, -0.999572,  0.000000,  0.000000,  0.999572,  0.029255,  0.000000,  0.000000,  0.000000,  0.000000,  1.000000,  0.000000,  2.531304,  0.000000, -0.000000,  1.000000], 
											"children": [
												{
													"id": "Bip002 R HorseLink", 
													"skeleton": false, 
													"transform": [ 0.223168,  0.974780, -0.000000,  0.000000, -0.974780,  0.223168, -0.000000,  0.000000,  0.000000,  0.000000,  1.000000,  0.000000,  1.558556,  0.000000,  0.000000,  1.000000], 
													"children": [
														{
															"id": "Bip002 R Foot", 
															"skeleton": false, 
															"transform": [ 0.996975, -0.030885,  0.071319,  0.000000,  0.024003,  0.995148,  0.095412,  0.000000, -0.073920, -0.093411,  0.992880,  0.000000,  0.895599,  0.000000, -0.000000,  1.000000], 
															"children": [
																{
																	"id": "Bip002 R Toe0", 
																	"skeleton": false, 
																	"transform": [-0.022675,  0.995604,  0.090881,  0.000000, -0.995154, -0.031178,  0.093257,  0.000000,  0.095681, -0.088326,  0.991486,  0.000000,  0.577005,  0.742580, -0.000000,  1.000000]
																}
															]
														}
													]
												}
											]
										}
									]
								}
							]
						}
					]
				}, 
				{
					"id": "Bone007", 
					"skeleton": false, 
					"transform": [-0.489406, -0.011564, -0.871979,  0.000000,  0.872036,  0.000291, -0.489442,  0.000000,  0.005914, -0.999933,  0.009942,  0.000000, -0.064794, -0.063746, -1.378705,  1.000000], 
					"children": [
						{
							"id": "Bone008", 
							"skeleton": false, 
							"transform": [ 0.880611, -0.473330, -0.021979,  0.000000,  0.473435,  0.880829, -0.000520,  0.000000,  0.019605, -0.009948,  0.999758,  0.000000,  1.188799,  0.000000,  0.000000,  1.000000], 
							"children": [
								{
									"id": "Bone009", 
									"skeleton": false, 
									"transform": [ 0.883643, -0.467359, -0.027388,  0.000000,  0.467471,  0.884004, -0.002546,  0.000000,  0.025401, -0.010554,  0.999622,  0.000000,  0.852203,  0.000001,  0.000000,  1.000000], 
									"children": [
										{
											"id": "Bone010", 
											"skeleton": false, 
											"transform": [ 0.932581, -0.360751, -0.012334,  0.000000,  0.360841,  0.932608,  0.005985,  0.000000,  0.009344, -0.010033,  0.999906,  0.000000,  1.187043,  0.000000,  0.000000,  1.000000], 
											"children": [
												{
													"id": "Bone011", 
													"skeleton": false, 
													"transform": [ 1.000000,  0.000000,  0.000000,  0.000000,  0.000000,  1.000000,  0.000000,  0.000000, -0.000000, -0.000000,  1.000000,  0.000000,  1.229776, -0.000000,  0.000000,  1.000000]
												}
											]
										}
									]
								}
							]
						}
					]
				}, 
				{
					"id": "Bip001", 
					"skeleton": false, 
					"transform": [ 0.000000, -0.000000,  1.000000,  0.000000,  0.000001,  1.000000, -0.000000,  0.000000, -1.000000,  0.000001,  0.000000,  0.000000, -2.188575,  0.262969,  0.667817,  1.000000], 
					"children": [
						{
							"id": "Bip001 Pelvis", 
							"skeleton": false, 
							"transform": [ 0.000000, -0.000000,  1.000000,  0.000000,  1.000000,  0.000001, -0.000000,  0.000000, -0.000001,  1.000000, -0.000000,  0.000000,  0.000000,  0.000000,  0.000000,  1.000000], 
							"children": [
								{
									"id": "Bip001 Spine", 
									"skeleton": false, 
									"transform": [ 0.969177,  0.246364, -0.000464,  0.000000, -0.200208,  0.786504, -0.584233,  0.000000, -0.143569,  0.566319,  0.811586,  0.000000,  2.078439, -0.001897,  0.001412,  1.000000], 
									"children": [
										{
											"id": "Bip001 Spine1", 
											"skeleton": false, 
											"transform": [ 0.997682,  0.066311,  0.015292,  0.000000, -0.057976,  0.945898, -0.319242,  0.000000, -0.035634,  0.317615,  0.947550,  0.000000,  3.029723, -0.001713,  0.000578,  1.000000], 
											"children": [
												{
													"id": "Bip001 Neck", 
													"skeleton": false, 
													"transform": [ 0.825649,  0.564183,  0.000002,  0.000000, -0.564183,  0.825649, -0.000001,  0.000000, -0.000002, -0.000001,  1.000000,  0.000000,  2.274460, -0.000362,  0.000000,  1.000000], 
													"children": [
														{
															"id": "Bip001 L Clavicle", 
															"skeleton": false, 
															"transform": [-0.227351,  0.155617,  0.961298,  0.000000, -0.564841, -0.825200, -0.000002,  0.000000,  0.793263, -0.542981,  0.275509,  0.000000, -0.326859, -0.086312,  1.737377,  1.000000], 
															"children": [
																{
																	"id": "Bip001 L UpperArm", 
																	"skeleton": false, 
																	"transform": [ 0.669421,  0.025433, -0.742448,  0.000000, -0.042371,  0.999094, -0.003979,  0.000000,  0.741674,  0.034123,  0.669892,  0.000000,  1.562914, -0.000000, -0.000001,  1.000000], 
																	"children": [
																		{
																			"id": "Bip001 L Forearm", 
																			"skeleton": false, 
																			"transform": [ 0.203822, -0.979008,  0.000000,  0.000000,  0.979008,  0.203822,  0.000000,  0.000000, -0.000000,  0.000000,  1.000000,  0.000000,  3.601805,  0.000000, -0.000000,  1.000000], 
																			"children": [
																				{
																					"id": "Bip001 L Hand", 
																					"skeleton": false, 
																					"transform": [ 0.891049,  0.077673,  0.447213,  0.000000,  0.207985,  0.805868, -0.554363,  0.000000, -0.403454,  0.586978,  0.701913,  0.000000,  3.462210,  0.000000, -0.000000,  1.000000], 
																					"children": [
																						{
																							"id": "Bip001 L Finger0", 
																							"skeleton": false, 
																							"transform": [ 0.759596,  0.550834, -0.345826,  0.000000, -0.033843,  0.564471,  0.824759,  0.000000,  0.649514, -0.614780,  0.447412,  0.000000,  0.427484,  0.069175, -1.038961,  1.000000], 
																							"children": [
																								{
																									"id": "Bip001 L Finger01", 
																									"skeleton": false, 
																									"transform": [ 0.939373,  0.342898,  0.000000,  0.000000, -0.342898,  0.939373, -0.000000,  0.000000, -0.000000,  0.000000,  1.000000,  0.000000,  0.762130, -0.000000,  0.000000,  1.000000]
																								}
																							]
																						}, 
																						{
																							"id": "Bip001 L Finger1", 
																							"skeleton": false, 
																							"transform": [ 0.621062,  0.763982, -0.174966,  0.000000, -0.779258,  0.625808, -0.033501,  0.000000,  0.083901,  0.157150,  0.984004,  0.000000,  1.609501,  0.045305, -0.000036,  1.000000], 
																							"children": [
																								{
																									"id": "Bip001 L Finger11", 
																									"skeleton": false, 
																									"transform": [ 0.994828, -0.101574,  0.000000,  0.000000,  0.101574,  0.994828,  0.000000,  0.000000, -0.000000, -0.000000,  1.000000,  0.000000,  0.466341, -0.000000, -0.000000,  1.000000]
																								}
																							]
																						}
																					]
																				}
																			]
																		}
																	]
																}
															]
														}, 
														{
															"id": "Bip001 R Clavicle", 
															"skeleton": false, 
															"transform": [-0.227352,  0.155623, -0.961297,  0.000000, -0.564841, -0.825200, -0.000002,  0.000000, -0.793263,  0.542979,  0.275513,  0.000000, -0.326863, -0.086301, -1.737377,  1.000000], 
															"children": [
																{
																	"id": "Bip001 R UpperArm", 
																	"skeleton": false, 
																	"transform": [ 0.836026,  0.077281,  0.543219,  0.000000,  0.202188,  0.876973, -0.435935,  0.000000, -0.510078,  0.474285,  0.717547,  0.000000,  1.562913, -0.000000,  0.000000,  1.000000], 
																	"children": [
																		{
																			"id": "Bip001 R Forearm", 
																			"skeleton": false, 
																			"transform": [ 0.947822, -0.318801,  0.000000,  0.000000,  0.318800,  0.947822, -0.000000,  0.000000,  0.000000, -0.000000,  1.000000,  0.000000,  3.601806, -0.000000,  0.000000,  1.000000], 
																			"children": [
																				{
																					"id": "Bip001 R Hand", 
																					"skeleton": false, 
																					"transform": [ 1.000000,  0.000000,  0.000000,  0.000000, -0.000000,  0.000796,  1.000000,  0.000000, -0.000000, -1.000000,  0.000796,  0.000000,  3.462211,  0.000000, -0.000000,  1.000000], 
																					"children": [
																						{
																							"id": "Bip001 R Finger0", 
																							"skeleton": false, 
																							"transform": [ 0.759596,  0.550834,  0.345826,  0.000000, -0.033843,  0.564471, -0.824759,  0.000000, -0.649514,  0.614780,  0.447412,  0.000000,  0.427484,  0.069175,  1.038960,  1.000000], 
																							"children": [
																								{
																									"id": "Bip001 R Finger01", 
																									"skeleton": false, 
																									"transform": [ 0.939373,  0.342898, -0.000000,  0.000000, -0.342898,  0.939373, -0.000000,  0.000000,  0.000000,  0.000000,  1.000000,  0.000000,  0.762129, -0.000001,  0.000000,  1.000000]
																								}
																							]
																						}, 
																						{
																							"id": "Bip001 R Finger1", 
																							"skeleton": false, 
																							"transform": [ 0.465304,  0.867039,  0.178144,  0.000000, -0.881166,  0.472807,  0.000376,  0.000000, -0.083901, -0.157150,  0.984004,  0.000000,  1.609500,  0.045305,  0.000036,  1.000000], 
																							"children": [
																								{
																									"id": "Bip001 R Finger11", 
																									"skeleton": false, 
																									"transform": [ 0.996363,  0.085212, -0.000000,  0.000000, -0.085212,  0.996363,  0.000000,  0.000000,  0.000000, -0.000000,  1.000000,  0.000000,  0.466341,  0.000000, -0.000001,  1.000000]
																								}
																							]
																						}
																					]
																				}
																			]
																		}
																	]
																}
															]
														}, 
														{
															"id": "Bip001 Head", 
															"skeleton": false, 
															"transform": [ 0.876018, -0.322982,  0.358154,  0.000000, -0.046157,  0.683074,  0.728890,  0.000000, -0.480064, -0.655052,  0.583477,  0.000000,  0.550349, -0.000001, -0.000000,  1.000000]
														}
													]
												}
											]
										}, 
										{
											"id": "Bip001 L Thigh", 
											"skeleton": false, 
											"transform": [-0.369045,  0.754399,  0.542852,  0.000000,  0.929411,  0.299259,  0.215960,  0.000000,  0.000467,  0.584232, -0.811587,  0.000000, -2.014883, -0.805415,  1.998444,  1.000000], 
											"children": [
												{
													"id": "Bip001 L Calf", 
													"skeleton": false, 
													"transform": [ 0.464372, -0.885640,  0.000000,  0.000000,  0.885640,  0.464372, -0.000000,  0.000000,  0.000000, -0.000000,  1.000000,  0.000000,  2.229676,  0.000000,  0.000000,  1.000000], 
													"children": [
														{
															"id": "Bip001 L Foot", 
															"skeleton": false, 
															"transform": [ 0.989653,  0.143485, -0.000002,  0.000000, -0.143485,  0.989652,  0.000000,  0.000000,  0.000002,  0.000000,  1.000000,  0.000000,  1.647911,  0.000000,  0.000000,  1.000000], 
															"children": [
																{
																	"id": "Bip001 L Toe0", 
																	"skeleton": false, 
																	"transform": [ 0.000000,  1.000000,  0.000000,  0.000000, -1.000000,  0.000000,  0.000000,  0.000000,  0.000000, -0.000000,  1.000000,  0.000000,  1.480978,  1.854264,  0.000000,  1.000000]
																}
															]
														}
													]
												}
											]
										}, 
										{
											"id": "Bip001 R Thigh", 
											"skeleton": false, 
											"transform": [-0.364597,  0.755821,  0.543879,  0.000000,  0.931165,  0.295648,  0.213361,  0.000000,  0.000466,  0.584232, -0.811587,  0.000000, -2.012934,  1.642291, -1.401790,  1.000000], 
											"children": [
												{
													"id": "Bip001 R Calf", 
													"skeleton": false, 
													"transform": [ 0.236969, -0.971517, -0.000000,  0.000000,  0.971517,  0.236969, -0.000000,  0.000000,  0.000000,  0.000000,  1.000000,  0.000000,  2.229676, -0.000000, -0.000000,  1.000000], 
													"children": [
														{
															"id": "Bip001 R Foot", 
															"skeleton": false, 
															"transform": [ 0.927592,  0.373595, -0.000001,  0.000000, -0.373595,  0.927592, -0.000000,  0.000000,  0.000001,  0.000000,  1.000000,  0.000000,  1.647911,  0.000000,  0.000000,  1.000000], 
															"children": [
																{
																	"id": "Bip001 R Toe0", 
																	"skeleton": false, 
																	"transform": [ 0.000000,  1.000000,  0.000000,  0.000000, -1.000000,  0.000000, -0.000000,  0.000000, -0.000000, -0.000000,  1.000000,  0.000000,  1.385946,  1.854264,  0.000000,  1.000000]
																}
															]
														}
													]
												}
											]
										}
									]
								}, 
								{
									"id": "Bone002", 
									"skeleton": false, 
									"transform": [-0.994502, -0.104714, -0.000001,  0.000000, -0.104714,  0.994502, -0.000006,  0.000000,  0.000002, -0.000006, -1.000000,  0.000000,  0.594342,  2.703135,  0.014771,  1.000000], 
									"children": [
										{
											"id": "Bone003", 
											"skeleton": false, 
											"transform": [ 0.998742,  0.050142,  0.000001,  0.000000, -0.050142,  0.998742, -0.000003,  0.000000, -0.000001,  0.000003,  1.000000,  0.000000,  1.735264,  0.000001,  0.000000,  1.000000], 
											"children": [
												{
													"id": "Bone004", 
													"skeleton": false, 
													"transform": [ 0.999693, -0.024795,  0.000000,  0.000000,  0.024795,  0.999693,  0.000000,  0.000000, -0.000000, -0.000000,  1.000000,  0.000000,  1.555341,  0.000001, -0.000000,  1.000000]
												}
											]
										}
									]
								}, 
								{
									"id": "Bone005", 
									"skeleton": false, 
									"transform": [-0.937874, -0.346976, -0.000002,  0.000000, -0.346974,  0.937869,  0.000127,  0.000000, -0.000042,  0.000119, -1.000005,  0.000000,  0.594342, -2.514544,  0.014818,  1.000000]
								}, 
								{
									"id": "Bone001", 
									"skeleton": false, 
									"transform": [ 0.014923,  0.999889, -0.000003,  0.000000,  0.999889, -0.014923,  0.000001,  0.000000,  0.000001, -0.000003, -1.000000,  0.000000,  0.785448,  1.654106,  0.014775,  1.000000]
								}
							]
						}
					]
				}
			]
		}
	], 
	"animations": [
		{
			"id": "Take 001", 
			"length":  2.333000, 
			"bones": [
				{
					"boneId": "Bip002 L Clavicle", 
					"keyframes": [
						{
							"keytime":  0.000000, 
							"rotation": [ 0.566311,  0.392573,  0.620436,  0.374483], 
							"scale": [ 1.000000,  1.000000,  1.000000], 
							"translation": [-1.716254, -0.479783,  1.230344]
						}, 
						{
							"keytime":  0.014288, 
							"rotation": [ 0.573891,  0.388729,  0.629817,  0.350529], 
							"translation": [-1.684111, -0.580104,  1.231520]
						}, 
						{
							"keytime":  0.028576, 
							"rotation": [ 0.581493,  0.384355,  0.638783,  0.325720], 
							"translation": [-1.648236, -0.681395,  1.228143]
						}, 
						{
							"keytime":  0.042863, 
							"rotation": [ 0.588968,  0.379472,  0.647514,  0.299738], 
							"translation": [-1.608271, -0.784926,  1.219261]
						}, 
						{
							"keytime":  0.057151, 
							"rotation": [ 0.595549,  0.374559,  0.655463,  0.274581], 
							"translation": [-1.567540, -0.882873,  1.205206]
						}, 
						{
							"keytime":  0.071439, 
							"rotation": [ 0.601173,  0.369688,  0.662899,  0.249972], 
							"translation": [-1.525966, -0.976665,  1.186022]
						}, 
						{
							"keytime":  0.085727, 
							"rotation": [ 0.605586,  0.365090,  0.669863,  0.226402], 
							"translation": [-1.484664, -1.064810,  1.162315]
						}, 
						{
							"keytime":  0.100014, 
							"rotation": [ 0.608641,  0.360894,  0.676616,  0.203721], 
							"translation": [-1.443583, -1.148341,  1.134171]
						}, 
						{
							"keytime":  0.114302, 
							"rotation": [ 0.607734,  0.358425,  0.683736,  0.186270], 
							"translation": [-1.413108, -1.215684,  1.101883]
						}, 
						{
							"keytime":  0.128590, 
							"rotation": [ 0.603167,  0.357748,  0.691554,  0.173086], 
							"translation": [-1.391114, -1.271107,  1.066758]
						}, 
						{
							"keytime":  0.142878, 
							"rotation": [ 0.599083,  0.357767,  0.697984,  0.160999], 
							"translation": [-1.367745, -1.319970,  1.037211]
						}, 
						{
							"keytime":  0.157165, 
							"rotation": [ 0.599132,  0.357263,  0.701565,  0.145639], 
							"translation": [-1.331397, -1.371873,  1.016957]
						}, 
						{
							"keytime":  0.171453, 
							"rotation": [ 0.609399,  0.354979,  0.698669,  0.120349], 
							"translation": [-1.261003, -1.438715,  1.014265]
						}, 
						{
							"keytime":  0.185741, 
							"rotation": [ 0.624329,  0.352239,  0.691142,  0.091998], 
							"translation": [-1.175451, -1.505102,  1.020621]
						}, 
						{
							"keytime":  0.200029, 
							"rotation": [ 0.632767,  0.351820,  0.685930,  0.072995], 
							"translation": [-1.114488, -1.549355,  1.022770]
						}, 
						{
							"keytime":  0.214316, 
							"rotation": [ 0.631012,  0.355911,  0.686336,  0.063983], 
							"translation": [-1.080949, -1.575969,  1.018102]
						}, 
						{
							"keytime":  0.228604, 
							"rotation": [ 0.624650,  0.362683,  0.689173,  0.057569], 
							"translation": [-1.052603, -1.599700,  1.010757]
						}, 
						{
							"keytime":  0.242892, 
							"rotation": [ 0.616707,  0.370104,  0.692699,  0.053513], 
							"translation": [-1.030402, -1.618060,  1.004380]
						}, 
						{
							"keytime":  0.257180, 
							"rotation": [ 0.610071,  0.376267,  0.695369,  0.051948], 
							"translation": [-1.016807, -1.628023,  1.002132]
						}, 
						{
							"keytime":  0.271467, 
							"rotation": [ 0.608271,  0.378784,  0.695491,  0.053114], 
							"translation": [-1.015508, -1.625844,  1.006977]
						}, 
						{
							"keytime":  0.285755, 
							"rotation": [ 0.614141,  0.375827,  0.691613,  0.057063], 
							"translation": [-1.028367, -1.608532,  1.021639]
						}, 
						{
							"keytime":  0.300043, 
							"rotation": [ 0.630143,  0.366473,  0.681552,  0.064064], 
							"translation": [-1.053799, -1.571303,  1.053202]
						}, 
						{
							"keytime":  0.314331, 
							"rotation": [ 0.654735,  0.351567,  0.664997,  0.074177], 
							"translation": [-1.086533, -1.513346,  1.103610]
						}, 
						{
							"keytime":  0.328618, 
							"rotation": [ 0.682246,  0.333320,  0.645002,  0.086081], 
							"translation": [-1.119719, -1.443392,  1.162591]
						}, 
						{
							"keytime":  0.342906, 
							"rotation": [ 0.709441,  0.312927,  0.623618,  0.099352], 
							"translation": [-1.151607, -1.365887,  1.223502]
						}, 
						{
							"keytime":  0.357194, 
							"rotation": [ 0.733581,  0.291585,  0.603237,  0.113763], 
							"translation": [-1.183733, -1.284855,  1.279370]
						}, 
						{
							"keytime":  0.371482, 
							"rotation": [ 0.750374,  0.272620,  0.588440,  0.127885], 
							"translation": [-1.217982, -1.211707,  1.318027]
						}, 
						{
							"keytime":  0.385769, 
							"rotation": [ 0.758105,  0.257595,  0.582129,  0.141590], 
							"translation": [-1.260973, -1.150749,  1.332182]
						}, 
						{
							"keytime":  0.400057, 
							"rotation": [ 0.753997,  0.245310,  0.589767,  0.153253], 
							"translation": [-1.326649, -1.113798,  1.299421]
						}, 
						{
							"keytime":  0.414345, 
							"rotation": [ 0.738903,  0.235226,  0.610038,  0.162925], 
							"translation": [-1.411865, -1.099282,  1.219547]
						}, 
						{
							"keytime":  0.428633, 
							"rotation": [ 0.714867,  0.228522,  0.637429,  0.174432], 
							"translation": [-1.506145, -1.089444,  1.110713]
						}, 
						{
							"keytime":  0.442920, 
							"rotation": [ 0.683053,  0.226801,  0.667227,  0.191855], 
							"translation": [-1.602300, -1.068663,  0.989753]
						}, 
						{
							"keytime":  0.457208, 
							"rotation": [ 0.647971,  0.231658,  0.692230,  0.217451], 
							"translation": [-1.689595, -1.024312,  0.886192]
						}, 
						{
							"keytime":  0.471496, 
							"rotation": [ 0.588757,  0.254460,  0.716202,  0.275083], 
							"translation": [-1.809876, -0.901837,  0.774838]
						}, 
						{
							"keytime":  0.485784, 
							"rotation": [ 0.505137,  0.291528,  0.732680,  0.350753], 
							"translation": [-1.931814, -0.750299,  0.627837]
						}, 
						{
							"keytime":  0.500071, 
							"rotation": [ 0.451263,  0.322301,  0.735574,  0.389120], 
							"translation": [-1.974755, -0.695514,  0.553032]
						}, 
						{
							"keytime":  0.514359, 
							"rotation": [ 0.436079,  0.346692,  0.732789,  0.390716], 
							"translation": [-1.956522, -0.720035,  0.585544]
						}, 
						{
							"keytime":  0.528647, 
							"rotation": [ 0.430988,  0.370539,  0.727229,  0.384821], 
							"translation": [-1.922988, -0.752270,  0.652301]
						}, 
						{
							"keytime":  0.542935, 
							"rotation": [ 0.432331,  0.394151,  0.719969,  0.373335], 
							"translation": [-1.875152, -0.790102,  0.740822]
						}, 
						{
							"keytime":  0.557222, 
							"rotation": [ 0.437452,  0.417716,  0.711748,  0.357161], 
							"translation": [-1.812431, -0.833989,  0.841879]
						}, 
						{
							"keytime":  0.571510, 
							"rotation": [ 0.443202,  0.439399,  0.704101,  0.338735], 
							"translation": [-1.741715, -0.880937,  0.937840]
						}, 
						{
							"keytime":  0.585798, 
							"rotation": [ 0.446960,  0.459549,  0.697966,  0.319195], 
							"translation": [-1.666590, -0.931963,  1.021287]
						}, 
						{
							"keytime":  0.600086, 
							"rotation": [ 0.445952,  0.478425,  0.694598,  0.299615], 
							"translation": [-1.591942, -0.988759,  1.084975]
						}, 
						{
							"keytime":  0.614374, 
							"rotation": [ 0.437619,  0.494689,  0.695534,  0.282851], 
							"translation": [-1.529998, -1.048161,  1.117823]
						}, 
						{
							"keytime":  0.628661, 
							"rotation": [ 0.417715,  0.508157,  0.704926,  0.265275], 
							"translation": [-1.475271, -1.134306,  1.107254]
						}, 
						{
							"keytime":  0.642949, 
							"rotation": [ 0.386018,  0.518375,  0.723146,  0.243592], 
							"translation": [-1.413372, -1.257245,  1.053854]
						}, 
						{
							"keytime":  0.657237, 
							"rotation": [ 0.349700,  0.524792,  0.743809,  0.221476], 
							"translation": [-1.344520, -1.385850,  0.980039]
						}, 
						{
							"keytime":  0.671525, 
							"rotation": [ 0.313712,  0.528449,  0.762837,  0.201015], 
							"translation": [-1.271260, -1.501703,  0.904105]
						}, 
						{
							"keytime":  0.685812, 
							"rotation": [ 0.283522,  0.530797,  0.777002,  0.184765], 
							"translation": [-1.204707, -1.589093,  0.843871]
						}, 
						{
							"keytime":  0.700100, 
							"rotation": [ 0.267417,  0.533626,  0.782607,  0.176799], 
							"translation": [-1.166921, -1.628512,  0.821493]
						}, 
						{
							"keytime":  0.714388, 
							"rotation": [ 0.267405,  0.536782,  0.779798,  0.179654], 
							"translation": [-1.173416, -1.616268,  0.836339]
						}, 
						{
							"keytime":  0.728676, 
							"rotation": [ 0.279655,  0.539079,  0.770896,  0.192111], 
							"translation": [-1.218644, -1.561756,  0.874356]
						}, 
						{
							"keytime":  0.742964, 
							"rotation": [ 0.298808,  0.540686,  0.758015,  0.209250], 
							"translation": [-1.279483, -1.481125,  0.926247]
						}, 
						{
							"keytime":  0.757251, 
							"rotation": [ 0.320535,  0.542154,  0.742765,  0.227217], 
							"translation": [-1.337981, -1.388005,  0.985909]
						}, 
						{
							"keytime":  0.771539, 
							"rotation": [ 0.341026,  0.544404,  0.727025,  0.242405], 
							"translation": [-1.380330, -1.298156,  1.048020]
						}, 
						{
							"keytime":  0.785827, 
							"rotation": [ 0.354900,  0.548506,  0.714592,  0.250089], 
							"translation": [-1.393812, -1.237848,  1.101779]
						}, 
						{
							"keytime":  0.800115, 
							"rotation": [ 0.360462,  0.558726,  0.705122,  0.246366], 
							"translation": [-1.364707, -1.218132,  1.158748]
						}, 
						{
							"keytime":  0.814402, 
							"rotation": [ 0.360807,  0.574966,  0.696287,  0.233277], 
							"translation": [-1.298464, -1.224351,  1.226325]
						}, 
						{
							"keytime":  0.828690, 
							"rotation": [ 0.360144,  0.590450,  0.688480,  0.218314], 
							"translation": [-1.225967, -1.235909,  1.287797]
						}, 
						{
							"keytime":  0.842978, 
							"rotation": [ 0.362962,  0.600176,  0.681746,  0.208014], 
							"translation": [-1.174555, -1.237175,  1.333676]
						}, 
						{
							"keytime":  0.857266, 
							"rotation": [ 0.374272,  0.598642,  0.676488,  0.209552], 
							"translation": [-1.175300, -1.214041,  1.354142]
						}, 
						{
							"keytime":  0.871554, 
							"rotation": [ 0.392501,  0.587060,  0.672475,  0.221541], 
							"translation": [-1.221550, -1.168933,  1.352918]
						}, 
						{
							"keytime":  0.885841, 
							"rotation": [ 0.413379,  0.570847,  0.668546,  0.237271], 
							"translation": [-1.282774, -1.112611,  1.343731]
						}, 
						{
							"keytime":  0.900129, 
							"rotation": [ 0.436698,  0.549986,  0.664149,  0.256351], 
							"translation": [-1.355675, -1.042540,  1.328273]
						}, 
						{
							"keytime":  0.914417, 
							"rotation": [ 0.460193,  0.526442,  0.659191,  0.276673], 
							"translation": [-1.430453, -0.963220,  1.309629]
						}, 
						{
							"keytime":  0.928704, 
							"rotation": [ 0.483713,  0.500508,  0.653317,  0.297811], 
							"translation": [-1.504063, -0.874152,  1.289509]
						}, 
						{
							"keytime":  0.942992, 
							"rotation": [ 0.507207,  0.472316,  0.646208,  0.319491], 
							"translation": [-1.574058, -0.774868,  1.269319]
						}, 
						{
							"keytime":  0.957280, 
							"rotation": [ 0.528674,  0.444635,  0.638341,  0.339593], 
							"translation": [-1.632862, -0.674841,  1.252063]
						}, 
						{
							"keytime":  0.971568, 
							"rotation": [ 0.548333,  0.417859,  0.629730,  0.358002], 
							"translation": [-1.680350, -0.575702,  1.238694]
						}, 
						{
							"keytime":  0.985855, 
							"rotation": [ 0.566311,  0.392573,  0.620436,  0.374483], 
							"translation": [-1.716254, -0.479783,  1.230344]
						}, 
						{
							"keytime":  1.000000, 
							"rotation": [ 0.566312,  0.392571,  0.620436,  0.374484], 
							"scale": [ 1.000000,  1.000000,  1.000000], 
							"translation": [-1.716255, -0.479778,  1.230343]
						}
					]
				}, 
				{
					"boneId": "Bip002 L UpperArm", 
					"keyframes": [
						{
							"keytime":  0.000000, 
							"rotation": [-0.719879,  0.278584,  0.249673,  0.584661], 
							"scale": [ 1.000000,  1.000000,  1.000000], 
							"translation": [ 1.815220, -0.000000,  0.000000]
						}, 
						{
							"keytime":  0.014288, 
							"rotation": [-0.744053,  0.251305,  0.229242,  0.575046]
						}, 
						{
							"keytime":  0.028576, 
							"rotation": [-0.769322,  0.221282,  0.204457,  0.563361]
						}, 
						{
							"keytime":  0.042863, 
							"rotation": [-0.790927,  0.194045,  0.172027,  0.554246]
						}, 
						{
							"keytime":  0.057151, 
							"rotation": [-0.806599,  0.170600,  0.135832,  0.549403]
						}, 
						{
							"keytime":  0.071439, 
							"rotation": [-0.818729,  0.146679,  0.099701,  0.546102]
						}, 
						{
							"keytime":  0.085727, 
							"rotation": [-0.826492,  0.124123,  0.066307,  0.545076]
						}, 
						{
							"keytime":  0.100014, 
							"rotation": [-0.829520,  0.104818,  0.037847,  0.547245]
						}, 
						{
							"keytime":  0.114302, 
							"rotation": [-0.828161,  0.090566,  0.016469,  0.552879]
						}, 
						{
							"keytime":  0.128590, 
							"rotation": [-0.823569,  0.079295, -0.000949,  0.561645]
						}, 
						{
							"keytime":  0.142878, 
							"rotation": [-0.816801,  0.071443, -0.013899,  0.572310]
						}, 
						{
							"keytime":  0.157165, 
							"rotation": [-0.808436,  0.066253, -0.023600,  0.584367]
						}, 
						{
							"keytime":  0.171453, 
							"rotation": [-0.798793,  0.063189, -0.030932,  0.597478]
						}, 
						{
							"keytime":  0.185741, 
							"rotation": [-0.789035,  0.061898, -0.036177,  0.610151]
						}, 
						{
							"keytime":  0.200029, 
							"rotation": [-0.779488,  0.061708, -0.040264,  0.622069]
						}, 
						{
							"keytime":  0.214316, 
							"rotation": [-0.770307,  0.062124, -0.044192,  0.633099]
						}, 
						{
							"keytime":  0.228604, 
							"rotation": [-0.762907,  0.065083, -0.046136,  0.641568]
						}, 
						{
							"keytime":  0.242892, 
							"rotation": [-0.757035,  0.072031, -0.044367,  0.647875]
						}, 
						{
							"keytime":  0.257180, 
							"rotation": [-0.751677,  0.082017, -0.039119,  0.653242]
						}, 
						{
							"keytime":  0.271467, 
							"rotation": [-0.746160,  0.093262, -0.031145,  0.658466]
						}, 
						{
							"keytime":  0.285755, 
							"rotation": [-0.739236,  0.104965, -0.020835,  0.664890]
						}, 
						{
							"keytime":  0.300043, 
							"rotation": [-0.729747,  0.116200, -0.008816,  0.673713]
						}, 
						{
							"keytime":  0.314331, 
							"rotation": [-0.718944,  0.121465,  0.008043,  0.684325], 
							"translation": [ 1.815219, -0.000000, -0.000000]
						}, 
						{
							"keytime":  0.328618, 
							"rotation": [-0.709905,  0.119353,  0.031346,  0.693402]
						}, 
						{
							"keytime":  0.342906, 
							"rotation": [-0.702068,  0.116179,  0.060688,  0.699943]
						}, 
						{
							"keytime":  0.357194, 
							"rotation": [-0.694710,  0.119217,  0.096347,  0.702767]
						}, 
						{
							"keytime":  0.371482, 
							"rotation": [-0.687694,  0.136231,  0.135249,  0.700161]
						}, 
						{
							"keytime":  0.385769, 
							"rotation": [-0.680084,  0.174752,  0.176573,  0.689761]
						}, 
						{
							"keytime":  0.400057, 
							"rotation": [-0.672821,  0.250463,  0.228534,  0.657535]
						}, 
						{
							"keytime":  0.414345, 
							"rotation": [-0.664851,  0.336430,  0.278606,  0.605943]
						}, 
						{
							"keytime":  0.428633, 
