{
	"version": "0.7", 
	"id": "", 
	"meshes": [], 
	"materials": [], 
	"nodes": [
		{
			"id": "Bip001", 
			"skeleton": false, 
			"transform": [-0.122831,  0.108838,  0.986441,  0.000000,  0.992336, -0.000000,  0.123565,  0.000000,  0.013449,  0.994060, -0.108004,  0.000000, -0.828146,  11.252661,  0.465563,  1.000000], 
			"children": [
				{
					"id": "Bip001 Pelvis", 
					"skeleton": false, 
					"transform": [ 0.000000,  0.005995,  0.999982,  0.000000,  1.000000,  0.000002, -0.000000,  0.000000, -0.000002,  0.999982, -0.005995,  0.000000,  0.000000,  0.000000,  0.000000,  1.000000], 
					"children": [
						{
							"id": "Bip001 Spine", 
							"skeleton": false, 
							"transform": [ 0.997001,  0.076950, -0.008297,  0.000000, -0.075940,  0.993306,  0.087044,  0.000000,  0.014940, -0.086152,  0.996170,  0.000000,  1.153920,  0.274103, -0.006974,  1.000000], 
							"children": [
								{
									"id": "Bip001 Spine1", 
									"skeleton": false, 
									"transform": [ 0.999465,  0.032638, -0.001804,  0.000000, -0.032548,  0.998780,  0.037125,  0.000000,  0.003013, -0.037047,  0.999309,  0.000000,  0.799726, -0.001228, -0.000046,  1.000000], 
									"children": [
										{
											"id": "Bip001 Neck", 
											"skeleton": false, 
											"transform": [ 1.000000,  0.000000,  0.000000,  0.000000, -0.000000,  1.000000,  0.000000,  0.000000, -0.000000, -0.000000,  1.000000,  0.000000,  2.047666, -0.457580, -0.000001,  1.000000], 
											"children": [
												{
													"id": "Bip001 L Clavicle", 
													"skeleton": false, 
													"transform": [-0.053901,  0.003526,  0.998540,  0.000000, -0.000796, -0.999994,  0.003488,  0.000000,  0.998546, -0.000607,  0.053904,  0.000000, -0.504704, -0.065485,  0.351185,  1.000000], 
													"children": [
														{
															"id": "Bip001 L UpperArm", 
															"skeleton": false, 
															"transform": [ 0.369998,  0.230772, -0.899914,  0.000000, -0.246586,  0.958308,  0.144363,  0.000000,  0.895710,  0.168492,  0.411478,  0.000000,  1.290584,  0.000000,  0.000000,  1.000000], 
															"children": [
																{
																	"id": "Bip001 L Forearm", 
																	"skeleton": false, 
																	"transform": [ 0.837659, -0.546193, -0.000000,  0.000000,  0.546193,  0.837659, -0.000000,  0.000000, -0.000000,  0.000000,  1.000000,  0.000000,  2.563804,  0.000000,  0.000000,  1.000000], 
																	"children": [
																		{
																			"id": "Bip001 L Hand", 
																			"skeleton": false, 
																			"transform": [ 0.996413, -0.080085, -0.027348,  0.000000, -0.028357, -0.011484, -0.999532,  0.000000,  0.079733,  0.996722, -0.013714,  0.000000,  3.010159,  0.000000,  0.000000,  1.000000]
																		}
																	]
																}
															]
														}, 
														{
															"id": "Bone020", 
															"skeleton": false, 
															"transform": [ 0.310044, -0.544617,  0.779273,  0.000000, -0.594623,  0.528476,  0.605919,  0.000000,  0.741820,  0.651234,  0.159991,  0.000000,  0.912058, -1.043956,  0.424021,  1.000000]
														}, 
														{
															"id": "Bone016", 
															"skeleton": false, 
															"transform": [ 0.602130, -0.295039, -0.741883,  0.000000,  0.401957, -0.690839,  0.600977,  0.000000, -0.689833, -0.660071, -0.297382,  0.000000,  0.922177, -1.042858,  0.411103,  1.000000]
														}
													]
												}, 
												{
													"id": "Bip001 R Clavicle", 
													"skeleton": false, 
													"transform": [-0.120978, -0.147312, -0.981664,  0.000000, -0.000787, -0.988913,  0.148497,  0.000000, -0.992655,  0.018738,  0.119521,  0.000000, -0.504704, -0.065483, -0.351186,  1.000000], 
													"children": [
														{
															"id": "Bip001 R UpperArm", 
															"skeleton": false, 
															"transform": [ 0.396682,  0.201028,  0.895674,  0.000000, -0.471282,  0.881917,  0.010784,  0.000000, -0.787741, -0.426393,  0.444582,  0.000000,  1.290584, -0.000000,  0.000000,  1.000000], 
															"children": [
																{
																	"id": "Bip001 R Forearm", 
																	"skeleton": false, 
																	"transform": [ 0.955094, -0.296303,  0.000000,  0.000000,  0.296303,  0.955094,  0.000000,  0.000000,  0.000000,  0.000000,  1.000000,  0.000000,  2.563804,  0.000000,  0.000000,  1.000000], 
																	"children": [
																		{
																			"id": "Bip001 R Hand", 
																			"skeleton": false, 
																			"transform": [ 0.976251, -0.216108,  0.015197,  0.000000, -0.007769,  0.035178,  0.999351,  0.000000, -0.216502, -0.975736,  0.032663,  0.000000,  3.010157, -0.000000,  0.000000,  1.000000], 
																			"children": [
																				{
																					"id": "Bip001 Prop1", 
																					"skeleton": false, 
																					"transform": [ 0.912363,  0.408521, -0.026523,  0.000000, -0.407447,  0.899854, -0.155723,  0.000000, -0.039750,  0.152882,  0.987445,  0.000000,  1.076454, -1.442523, -9.324373,  1.000000]
																				}
																			]
																		}
																	]
																}
															]
														}, 
														{
															"id": "Bone019", 
															"skeleton": false, 
															"transform": [ 0.310046, -0.544615, -0.779272,  0.000000, -0.594625,  0.528473, -0.605918,  0.000000,  0.741817,  0.651237, -0.159991,  0.000000,  0.914635, -1.043952, -0.424019,  1.000000]
														}, 
														{
															"id": "Bone017", 
															"skeleton": false, 
															"transform": [ 0.602132, -0.295037,  0.741883,  0.000000,  0.401958, -0.690838, -0.600977,  0.000000, -0.689831, -0.660073,  0.297383,  0.000000,  0.927829, -1.042855, -0.411103,  1.000000]
														}
													]
												}, 
												{
													"id": "Bip001 Head", 
													"skeleton": false, 
													"transform": [ 0.963221,  0.268100, -0.018082,  0.000000, -0.267949,  0.963377,  0.010351,  0.000000,  0.020195, -0.005126,  0.999783,  0.000000,  0.813082,  0.000000, -0.000000,  1.000000], 
													"children": [
														{
															"id": "Bone029", 
															"skeleton": false, 
															"transform": [-0.000001,  1.000000,  0.000001,  0.000000,  1.000000,  0.000001, -0.000001,  0.000000, -0.000001,  0.000001, -1.000000,  0.000000,  1.100028,  0.971179,  0.000004,  1.000000]
														}, 
														{
															"id": "Bone001", 
															"skeleton": false, 
															"transform": [-0.999987, -0.000002, -0.005000,  0.000000, -0.004893,  0.205622,  0.978619,  0.000000,  0.001026,  0.978631, -0.205619,  0.000000,  1.280972,  0.819968,  1.245031,  1.000000], 
															"children": [
																{
																	"id": "Bone002", 
																	"skeleton": false, 
																	"transform": [ 0.995645, -0.093230, -0.000510,  0.000000,  0.093230,  0.995645,  0.000007,  0.000000,  0.000507, -0.000055,  1.000000,  0.000000,  1.020665,  0.000010,  0.000002,  1.000000]
																}
															]
														}, 
														{
															"id": "Bone027", 
															"skeleton": false, 
															"transform": [-0.999987, -0.000001,  0.005000,  0.000000, -0.004893,  0.205637, -0.978616,  0.000000,  0.001027,  0.978628,  0.205635,  0.000000,  1.280976,  0.819971, -1.245241,  1.000000], 
															"children": [
																{
																	"id": "Bone028", 
																	"skeleton": false, 
																	"transform": [ 0.995644, -0.093230, -0.000510,  0.000000,  0.093230,  0.995645,  0.000007,  0.000000,  0.000507, -0.000054,  1.000000,  0.000000,  1.020666,  0.000013, -0.000002,  1.000000]
																}
															]
														}, 
														{
															"id": "Bone026", 
															"skeleton": false, 
															"transform": [-0.563853,  0.802849,  0.193658,  0.000000,  0.675490,  0.583235, -0.451166,  0.000000,  0.475166,  0.123577,  0.871175,  0.000000,  2.029120, -0.271958,  1.323710,  1.000000]
														}, 
														{
															"id": "Bone025", 
															"skeleton": false, 
															"transform": [-0.563853,  0.802849, -0.193656,  0.000000,  0.675490,  0.583233,  0.451166,  0.000000,  0.475166,  0.123579, -0.871175,  0.000000,  2.029119, -0.271954, -1.335339,  1.000000]
														}
													]
												}
											]
										}, 
										{
											"id": "Bone007", 
											"skeleton": false, 
											"transform": [-0.981931, -0.189240, -0.000000,  0.000000, -0.189240,  0.981931, -0.000001,  0.000000,  0.000000, -0.000001, -1.000000,  0.000000,  1.348335, -2.340190, -0.000006,  1.000000], 
											"children": [
												{
													"id": "Bone008", 
													"skeleton": false, 
													"transform": [ 0.998689, -0.051184, -0.000000,  0.000000,  0.051184,  0.998689, -0.000104,  0.000000,  0.000005,  0.000104,  1.000000,  0.000000,  3.222736, -0.000000,  0.000000,  1.000000], 
													"children": [
														{
															"id": "Bone009", 
															"skeleton": false, 
															"transform": [ 0.999109, -0.042209, -0.000000,  0.000000,  0.042209,  0.999109,  0.000000,  0.000000,  0.000000,  0.000000,  1.000000,  0.000000,  3.827044,  0.000002,  0.000000,  1.000000]
														}
													]
												}
											]
										}, 
										{
											"id": "Bone010", 
											"skeleton": false, 
											"transform": [-0.977178,  0.039230,  0.208767,  0.000000,  0.208912, -0.000393,  0.977935,  0.000000,  0.038447,  0.999230, -0.007812,  0.000000,  1.353061, -1.399137,  1.893181,  1.000000], 
											"children": [
												{
													"id": "Bone011", 
													"skeleton": false, 
													"transform": [ 0.987034, -0.083443,  0.021826,  0.000000,  0.084198,  0.996447,  0.001827,  0.000000, -0.022105,  0.000035,  0.999756,  0.000000,  3.247177,  0.000000,  0.000000,  1.000000], 
													"children": [
														{
															"id": "Bone012", 
															"skeleton": false, 
															"transform": [ 1.008147, -0.060466, -0.000000,  0.000000,  0.059870,  0.998206,  0.000000,  0.000000,  0.000000, -0.000000,  1.000000,  0.000000,  3.787644,  0.000001,  0.000000,  1.000000]
														}
													]
												}
											]
										}, 
										{
											"id": "Bone013", 
											"skeleton": false, 
											"transform": [-0.977156,  0.039240, -0.208869,  0.000000,  0.209035,  0.000145, -0.977908,  0.000000,  0.038343,  0.999230,  0.008344,  0.000000,  1.353062, -1.399131, -1.891644,  1.000000], 
											"children": [
												{
													"id": "Bone014", 
													"skeleton": false, 
													"transform": [ 0.987037, -0.083390,  0.021876,  0.000000,  0.084150,  0.996452,  0.001595,  0.000000, -0.022135,  0.000269,  0.999755,  0.000000,  3.247177, -0.000000,  0.000000,  1.000000], 
													"children": [
														{
															"id": "Bone015", 
															"skeleton": false, 
															"transform": [ 1.008147, -0.060466,  0.000000,  0.000000,  0.059870,  0.998206,  0.000000,  0.000000, -0.000000, -0.000000,  1.000000,  0.000000,  3.787644,  0.000001,  0.000000,  1.000000]
														}
													]
												}
											]
										}
									]
								}, 
								{
									"id": "Bip001 L Thigh", 
									"skeleton": false, 
									"transform": [-0.992098, -0.039699,  0.119016,  0.000000, -0.005447,  0.961354,  0.275261,  0.000000, -0.125344,  0.272438, -0.953974,  0.000000, -1.179936, -0.096692,  1.012865,  1.000000], 
									"children": [
										{
											"id": "Bip001 L Calf", 
											"skeleton": false, 
											"transform": [ 0.989551, -0.144185, -0.000000,  0.000000,  0.144185,  0.989551,  0.000000,  0.000000,  0.000000, -0.000000,  1.000000,  0.000000,  5.016929,  0.000000, -0.000000,  1.000000], 
											"children": [
												{
													"id": "Bip001 L Foot", 
													"skeleton": false, 
													"transform": [ 0.991020,  0.097679,  0.091316,  0.000000, -0.062941,  0.943293, -0.325940,  0.000000, -0.117976,  0.317265,  0.940970,  0.000000,  5.016928,  0.000000, -0.000000,  1.000000], 
													"children": [
														{
															"id": "Bip001 L Toe0", 
															"skeleton": false, 
															"transform": [ 0.000000,  1.000000, -0.000000,  0.000000, -1.000000,  0.000000,  0.000000,  0.000000,  0.000000,  0.000000,  1.000000,  0.000000,  1.247525,  1.056460,  0.000000,  1.000000]
														}
													]
												}
											]
										}
									]
								}, 
								{
									"id": "Bip001 R Thigh", 
									"skeleton": false, 
									"transform": [-0.995496, -0.017459, -0.093186,  0.000000, -0.011497,  0.997876, -0.064127,  0.000000,  0.094107, -0.062767, -0.993581,  0.000000, -1.163282, -0.271371, -0.986220,  1.000000], 
									"children": [
										{
											"id": "Bip001 R Calf", 
											"skeleton": false, 
											"transform": [ 0.997943, -0.064114,  0.000000,  0.000000,  0.064114,  0.997942,  0.000000,  0.000000,  0.000000,  0.000000,  1.000000,  0.000000,  5.016929,  0.000000, -0.000000,  1.000000], 
											"children": [
												{
													"id": "Bip001 R Foot", 
													"skeleton": false, 
													"transform": [ 0.996400,  0.041369, -0.073991,  0.000000, -0.014069,  0.941434,  0.336904,  0.000000,  0.083595, -0.334650,  0.938627,  0.000000,  5.016929,  0.000000,  0.000000,  1.000000], 
													"children": [
														{
															"id": "Bip001 R Toe0", 
															"skeleton": false, 
															"transform": [ 0.000000,  1.000000, -0.000000,  0.000000, -1.000000, -0.000000, -0.000000,  0.000000, -0.000000,  0.000000,  1.000000,  0.000000,  1.247525,  1.056460, -0.000000,  1.000000]
														}
													]
												}
											]
										}
									]
								}
							]
						}, 
						{
							"id": "Bone022", 
							"skeleton": false, 
							"transform": [-0.996380,  0.064461, -0.055428,  0.000000,  0.064562,  0.997914, -0.000028,  0.000000,  0.055311, -0.003606, -0.998463,  0.000000, -0.105844,  1.025907, -0.000002,  1.000000], 
							"children": [
								{
									"id": "Bone023", 
									"skeleton": false, 
									"transform": [ 0.999987,  0.005181,  0.000073,  0.000000, -0.005181,  0.999987, -0.000103,  0.000000, -0.000073,  0.000102,  1.000000,  0.000000,  2.061738,  0.000000,  0.000000,  1.000000], 
									"children": [
										{
											"id": "Bone024", 
											"skeleton": false, 
											"transform": [ 1.000000, -0.000000, -0.000000,  0.000000, -0.000000,  1.000000, -0.000000,  0.000000,  0.000000,  0.000000,  1.000000,  0.000000,  2.857821, -0.000000, -0.000000,  1.000000]
										}
									]
								}
							]
						}
					]
				}
			]
		}
	], 
	"animations": [
		{
			"id": "Take 001", 
			"length":  2.000000, 
			"bones": [
				{
					"boneId": "Bip001", 
					"keyframes": [
						{
							"keytime":  0.000000, 
							"rotation": [ 0.496279,  0.554715,  0.503693, -0.438510], 
							"scale": [ 1.000000,  1.000000,  1.000000], 
							"translation": [-0.828146,  11.252661,  0.465563]
						}, 
						{
							"keytime":  0.016667, 
							"translation": [-0.828147,  11.250602,  0.465563]
						}, 
						{
							"keytime":  0.033333, 
							"translation": [-0.828147,  11.248427,  0.465563]
						}, 
						{
							"keytime":  0.050000, 
							"translation": [-0.828146,  11.246073,  0.465563]
						}, 
						{
							"keytime":  0.066667, 
							"translation": [-0.828146,  11.243699,  0.465563]
						}, 
						{
							"keytime":  0.083333, 
							"translation": [-0.828147,  11.241240,  0.465563]
						}, 
						{
							"keytime":  0.100000, 
							"translation": [-0.828146,  11.238720,  0.465563]
						}, 
						{
							"keytime":  0.116667, 
							"translation": [-0.828146,  11.236062,  0.465563]
						}, 
						{
							"keytime":  0.133333, 
							"translation": [-0.828146,  11.233448,  0.465563]
						}, 
						{
							"keytime":  0.150000, 
							"translation": [-0.828147,  11.230723,  0.465563]
						}, 
						{
							"keytime":  0.166667, 
							"translation": [-0.828146,  11.228065,  0.465563]
						}, 
						{
							"keytime":  0.183333, 
							"translation": [-0.828146,  11.225410,  0.465563]
						}, 
						{
							"keytime":  0.200000, 
							"translation": [-0.828146,  11.222687,  0.465563]
						}, 
						{
							"keytime":  0.216667, 
							"translation": [-0.828146,  11.220067,  0.465563]
						}, 
						{
							"keytime":  0.233333, 
							"translation": [-0.828146,  11.217489,  0.465563]
						}, 
						{
							"keytime":  0.250000, 
							"translation": [-0.828146,  11.214890,  0.465563]
						}, 
						{
							"keytime":  0.266667, 
							"translation": [-0.828146,  11.212433,  0.465563]
						}, 
						{
							"keytime":  0.283333, 
							"translation": [-0.828146,  11.210052,  0.465563]
						}, 
						{
							"keytime":  0.300000, 
							"translation": [-0.828146,  11.207699,  0.465563]
						}, 
						{
							"keytime":  0.316667, 
							"translation": [-0.828146,  11.205518,  0.465563]
						}, 
						{
							"keytime":  0.333333, 
							"translation": [-0.828146,  11.203458,  0.465563]
						}, 
						{
							"keytime":  0.350000, 
							"translation": [-0.828146,  11.201530,  0.465563]
						}, 
						{
							"keytime":  0.366667, 
							"translation": [-0.828146,  11.199693,  0.465563]
						}, 
						{
							"keytime":  0.383333, 
							"translation": [-0.828146,  11.198071,  0.465563]
						}, 
						{
							"keytime":  0.400000, 
							"translation": [-0.828146,  11.196617,  0.465563]
						}, 
						{
							"keytime":  0.416667, 
							"translation": [-0.828146,  11.195315,  0.465563]
						}, 
						{
							"keytime":  0.433333, 
							"translation": [-0.828146,  11.194251,  0.465563]
						}, 
						{
							"keytime":  0.450000, 
							"translation": [-0.828146,  11.193398,  0.465563]
						}, 
						{
							"keytime":  0.466667, 
							"translation": [-0.828146,  11.192752,  0.465563]
						}, 
						{
							"keytime":  0.483333, 
							"translation": [-0.828146,  11.192364,  0.465563]
						}, 
						{
							"keytime":  0.500000, 
							"translation": [-0.828146,  11.192225,  0.465563]
						}, 
						{
							"keytime":  0.516667, 
							"translation": [-0.828146,  11.192455,  0.465563]
						}, 
						{
							"keytime":  0.533333, 
							"translation": [-0.828146,  11.193119,  0.465563]
						}, 
						{
							"keytime":  0.550000, 
							"translation": [-0.828146,  11.194187,  0.465563]
						}, 
						{
							"keytime":  0.566667, 
							"translation": [-0.828146,  11.195670,  0.465563]
						}, 
						{
							"keytime":  0.583333, 
							"translation": [-0.828146,  11.197451,  0.465563]
						}, 
						{
							"keytime":  0.600000, 
							"translation": [-0.828146,  11.199599,  0.465563]
						}, 
						{
							"keytime":  0.616667, 
							"translation": [-0.828146,  11.201957,  0.465563]
						}, 
						{
							"keytime":  0.633333, 
							"translation": [-0.828146,  11.204547,  0.465563]
						}, 
						{
							"keytime":  0.650000, 
							"translation": [-0.828146,  11.207424,  0.465563]
						}, 
						{
							"keytime":  0.666667, 
							"translation": [-0.828146,  11.210383,  0.465563]
						}, 
						{
							"keytime":  0.683333, 
							"translation": [-0.828146,  11.213477,  0.465563]
						}, 
						{
							"keytime":  0.700000, 
							"translation": [-0.828146,  11.216766,  0.465563]
						}, 
						{
							"keytime":  0.716667, 
							"translation": [-0.828146,  11.220022,  0.465563]
						}, 
						{
							"keytime":  0.733333, 
							"translation": [-0.828146,  11.223312,  0.465563]
						}, 
						{
							"keytime":  0.750000, 
							"translation": [-0.828146,  11.226697,  0.465563]
						}, 
						{
							"keytime":  0.766667, 
							"translation": [-0.828146,  11.229945,  0.465563]
						}, 
						{
							"keytime":  0.783334, 
							"translation": [-0.828146,  11.233124,  0.465563]
						}, 
						{
							"keytime":  0.800000, 
							"translation": [-0.828146,  11.236288,  0.465563]
						}, 
						{
							"keytime":  0.816667, 
							"translation": [-0.828146,  11.239220,  0.465563]
						}, 
						{
							"keytime":  0.833334, 
							"translation": [-0.828146,  11.241979,  0.465563]
						}, 
						{
							"keytime":  0.850000, 
							"translation": [-0.828146,  11.244609,  0.465563]
						}, 
						{
							"keytime":  0.866667, 
							"translation": [-0.828146,  11.246918,  0.465563]
						}, 
						{
							"keytime":  0.883334, 
							"translation": [-0.828146,  11.248955,  0.465563]
						}, 
						{
							"keytime":  0.900000, 
							"translation": [-0.828146,  11.250730,  0.465563]
						}, 
						{
							"keytime":  0.916667, 
							"translation": [-0.828146,  11.252111,  0.465563]
						}, 
						{
							"keytime":  0.933334, 
							"translation": [-0.828146,  11.253116,  0.465563]
						}, 
						{
							"keytime":  0.950000, 
							"translation": [-0.828146,  11.253725,  0.465563]
						}, 
						{
							"keytime":  0.966667, 
							"translation": [-0.828146,  11.253867,  0.465563]
						}, 
						{
							"keytime":  0.983334, 
							"translation": [-0.828146,  11.253534,  0.465563]
						}, 
						{
							"keytime":  1.000000, 
							"rotation": [ 0.496279,  0.554715,  0.503693, -0.438510], 
							"scale": [ 1.000000,  1.000000,  1.000000], 
							"translation": [-0.828146,  11.252661,  0.465563]
						}
					]
				}, 
				{
					"boneId": "Bip001 Pelvis", 
					"keyframes": [
						{
							"keytime":  0.000000, 
							"rotation": [ 0.501496,  0.501497,  0.498498, -0.498500], 
							"scale": [ 1.000000,  1.000000,  1.000000], 
							"translation": [ 0.000000,  0.000000,  0.000000]
						}, 
						{
							"keytime":  1.000000, 
							"rotation": [ 0.501496,  0.501497,  0.498498, -0.498500], 
							"scale": [ 1.000000,  1.000000,  1.000000], 
							"translation": [ 0.000000,  0.000000,  0.000000]
						}
					]
				}, 
				{
					"boneId": "Bip001 Spine", 
					"keyframes": [
						{
							"keytime":  0.000000, 
							"rotation": [ 0.043372,  0.005819,  0.038287,  0.998308], 
							"scale": [ 1.000000,  1.000000,  1.000000], 
							"translation": [ 1.153920,  0.274103, -0.006974]
						}, 
						{
							"keytime":  0.016667, 
							"rotation": [ 0.043375,  0.005802,  0.038691,  0.998293]
						}, 
						{
							"keytime":  0.033333, 
							"rotation": [ 0.043377,  0.005783,  0.039124,  0.998276]
						}, 
						{
							"keytime":  0.050000, 
							"rotation": [ 0.043380,  0.005762,  0.039597,  0.998257]
						}, 
						{
							"keytime":  0.066667, 
							"rotation": [ 0.043383,  0.005741,  0.040077,  0.998238]
						}, 
						{
							"keytime":  0.083333, 
							"rotation": [ 0.043386,  0.005720,  0.040572,  0.998218]
						}, 
						{
							"keytime":  0.100000, 
							"rotation": [ 0.043389,  0.005698,  0.041079,  0.998197]
						}, 
						{
							"keytime":  0.116667, 
							"rotation": [ 0.043392,  0.005675,  0.041608,  0.998175]
						}, 
						{
							"keytime":  0.133333, 
							"rotation": [ 0.043394,  0.005652,  0.042123,  0.998154]
						}, 
						{
							"keytime":  0.150000, 
							"rotation": [ 0.043397,  0.005629,  0.042651,  0.998131]
						}, 
						{
							"keytime":  0.166667, 
							"rotation": [ 0.043400,  0.005608,  0.043155,  0.998110], 
							"translation": [ 1.153926,  0.274103, -0.006974]
						}, 
						{
							"keytime":  0.183333, 
							"rotation": [ 0.043403,  0.005586,  0.043646,  0.998088]
						}, 
						{
							"keytime":  0.200000, 
							"rotation": [ 0.043406,  0.005565,  0.044134,  0.998067]
						}, 
						{
							"keytime":  0.216667, 
							"rotation": [ 0.043408,  0.005545,  0.044585,  0.998047]
						}, 
						{
							"keytime":  0.233333, 
							"rotation": [ 0.043411,  0.005527,  0.045010,  0.998028]
						}, 
						{
							"keytime":  0.250000, 
							"rotation": [ 0.043413,  0.005509,  0.045414,  0.998009]
						}, 
						{
							"keytime":  0.266667, 
							"rotation": [ 0.043415,  0.005494,  0.045770,  0.997993]
						}, 
						{
							"keytime":  0.283333, 
							"rotation": [ 0.043417,  0.005480,  0.046084,  0.997979], 
							"translation": [ 1.153931,  0.274104, -0.006974]
						}, 
						{
							"keytime":  0.300000, 
							"rotation": [ 0.043418,  0.005468,  0.046360,  0.997966]
						}, 
						{
							"keytime":  0.316667, 
							"rotation": [ 0.043419,  0.005459,  0.046577,  0.997956]
						}, 
						{
							"keytime":  0.333333, 
							"rotation": [ 0.043420,  0.005452,  0.046738,  0.997948]
						}, 
						{
							"keytime":  0.350000, 
							"rotation": [ 0.043421,  0.005447,  0.046840,  0.997943]
						}, 
						{
							"keytime":  0.366667, 
							"rotation": [ 0.043421,  0.005446,  0.046878,  0.997942]
						}, 
						{
							"keytime":  0.383333, 
							"rotation": [ 0.043419,  0.005460,  0.046545,  0.997957], 
							"translation": [ 1.153932,  0.274104, -0.006974]
						}, 
						{
							"keytime":  0.400000, 
							"rotation": [ 0.043414,  0.005499,  0.045652,  0.997998]
						}, 
						{
							"keytime":  0.416667, 
							"rotation": [ 0.043407,  0.005556,  0.044332,  0.998058]
						}, 
						{
							"keytime":  0.433333, 
							"rotation": [ 0.043399,  0.005621,  0.042839,  0.998123]
						}, 
						{
							"keytime":  0.450000, 
							"rotation": [ 0.043390,  0.005688,  0.041314,  0.998187]
						}, 
						{
							"keytime":  0.466667, 
							"rotation": [ 0.043382,  0.005749,  0.039896,  0.998245]
						}, 
						{
							"keytime":  0.483333, 
							"rotation": [ 0.043376,  0.005795,  0.038846,  0.998287], 
							"translation": [ 1.153920,  0.274103, -0.006974]
						}, 
						{
							"keytime":  0.500000, 
							"rotation": [ 0.043373,  0.005819,  0.038299,  0.998308]
						}, 
						{
							"keytime":  0.516667, 
							"rotation": [ 0.043371,  0.005828,  0.038078,  0.998316], 
							"translation": [ 1.153920,  0.274103, -0.006974]
						}, 
						{
							"keytime":  0.533333, 
							"rotation": [ 0.043370,  0.005836,  0.037897,  0.998323], 
							"translation": [ 1.153918,  0.274103, -0.006974]
						}, 
						{
							"keytime":  0.550000, 
							"rotation": [ 0.043369,  0.005843,  0.037742,  0.998329]
						}, 
						{
							"keytime":  0.566667, 
							"rotation": [ 0.043368,  0.005849,  0.037609,  0.998334]
						}, 
						{
							"keytime":  0.583333, 
							"rotation": [ 0.043368,  0.005853,  0.037504,  0.998338]
						}, 
						{
							"keytime":  0.600000, 
							"rotation": [ 0.043367,  0.005857,  0.037419,  0.998341]
						}, 
						{
							"keytime":  0.616667, 
							"rotation": [ 0.043367,  0.005859,  0.037358,  0.998343], 
							"translation": [ 1.153920,  0.274103, -0.006974]
						}, 
						{
							"keytime":  0.633333, 
							"rotation": [ 0.043367,  0.005861,  0.037315,  0.998345]
						}, 
						{
							"keytime":  0.650000, 
							"rotation": [ 0.043367,  0.005862,  0.037290,  0.998346]
						}, 
						{
							"keytime":  0.666667, 
							"rotation": [ 0.043367,  0.005863,  0.037283,  0.998346], 
							"translation": [ 1.153918,  0.274103, -0.006974]
						}, 
						{
							"keytime":  0.683333, 
							"rotation": [ 0.043367,  0.005862,  0.037290,  0.998346]
						}, 
						{
							"keytime":  0.700000, 
							"rotation": [ 0.043367,  0.005862,  0.037311,  0.998345]
						}, 
						{
							"keytime":  0.716667, 
							"rotation": [ 0.043367,  0.005860,  0.037343,  0.998344]
						}, 
						{
							"keytime":  0.733333, 
							"rotation": [ 0.043367,  0.005858,  0.037386,  0.998342]
						}, 
						{
							"keytime":  0.750000, 
							"rotation": [ 0.043367,  0.005856,  0.037440,  0.998340]
						}, 
						{
							"keytime":  0.766667, 
							"rotation": [ 0.043368,  0.005853,  0.037499,  0.998338], 
							"translation": [ 1.153918,  0.274103, -0.006974]
						}, 
						{
							"keytime":  0.783334, 
							"rotation": [ 0.043368,  0.005850,  0.037564,  0.998336]
						}, 
						{
							"keytime":  0.800000, 
							"translation": [ 1.153920,  0.274103, -0.006974]
						}, 
						{
							"keytime":  0.816667, 
							"rotation": [ 0.043369,  0.005844,  0.037709,  0.998330]
						}, 
						{
							"keytime":  0.833334, 
							"rotation": [ 0.043369,  0.005841,  0.037784,  0.998327]
						}, 
						{
							"keytime":  0.850000, 
							"rotation": [ 0.043370,  0.005838,  0.037860,  0.998324]
						}, 
						{
							"keytime":  0.866667, 
							"rotation": [ 0.043370,  0.005834,  0.037933,  0.998322]
						}, 
						{
							"keytime":  0.883334, 
							"rotation": [ 0.043371,  0.005831,  0.038003,  0.998319]
						}, 
						{
							"keytime":  0.900000, 
							"rotation": [ 0.043371,  0.005829,  0.038070,  0.998316]
						}, 
						{
							"keytime":  0.916667, 
							"rotation": [ 0.043372,  0.005826,  0.038130,  0.998314]
						}, 
						{
							"keytime":  0.933334, 
							"rotation": [ 0.043372,  0.005824,  0.038182,  0.998312]
						}, 
						{
							"keytime":  0.950000, 
							"rotation": [ 0.043372,  0.005822,  0.038226,  0.998310]
						}, 
						{
							"keytime":  0.966667, 
							"rotation": [ 0.043372,  0.005820,  0.038259,  0.998309]
						}, 
						{
							"keytime":  0.983334, 
							"rotation": [ 0.043372,  0.005819,  0.038280,  0.998308]
						}, 
						{
							"keytime":  1.000000, 
							"rotation": [ 0.043372,  0.005819,  0.038287,  0.998308], 
							"scale": [ 1.000000,  1.000000,  1.000000], 
							"translation": [ 1.153920,  0.274103, -0.006974]
						}
					]
				}, 
				{
					"boneId": "Bip001 Spine1", 
					"keyframes": [
						{
							"keytime":  0.000000, 
							"rotation": [ 0.018549,  0.001205,  0.016302,  0.999694], 
							"scale": [ 1.000000,  1.000000,  1.000000], 
							"translation": [ 0.799726, -0.001228, -0.000046]
						}, 
						{
							"keytime":  0.016667, 
							"rotation": [ 0.018549,  0.001195,  0.016831,  0.999686]
						}, 
						{
							"keytime":  0.033333, 
							"rotation": [ 0.018550,  0.001185,  0.017370,  0.999676]
						}, 
						{
							"keytime":  0.050000, 
							"rotation": [ 0.018551,  0.001174,  0.017933,  0.999666]
						}, 
						{
							"keytime":  0.066667, 
							"rotation": [ 0.018551,  0.001164,  0.018485,  0.999656]
						}, 
						{
							"keytime":  0.083333, 
							"rotation": [ 0.018552,  0.001154,  0.019042,  0.999646]
						}, 
						{
							"keytime":  0.100000, 
							"rotation": [ 0.018553,  0.001143,  0.019602,  0.999635], 
							"translation": [ 0.799735, -0.001227, -0.000046]
						}, 
						{
							"keytime":  0.116667, 
							"rotation": [ 0.018553,  0.001133,  0.020182,  0.999624]
						}, 
						{
							"keytime":  0.133333, 
							"rotation": [ 0.018554,  0.001122,  0.020744,  0.999612], 
							"translation": [ 0.799739, -0.001227, -0.000046]
						}, 
						{
							"keytime":  0.150000, 
							"rotation": [ 0.018555,  0.001111,  0.021323,  0.999600]
						}, 
						{
							"keytime":  0.166667, 
							"rotation": [ 0.018555,  0.001101,  0.021883,  0.999588]
						}, 
						{
							"keytime":  0.183333, 
							"rotation": [ 0.018556,  0.001091,  0.022439,  0.999575], 
							"translation": [ 0.799741, -0.001227, -0.000046]
						}, 
						{
							"keytime":  0.200000, 
							"rotation": [ 0.018556,  0.001080,  0.023006,  0.999563]
						}, 
						{
							"keytime":  0.216667, 
							"rotation": [ 0.018557,  0.001070,  0.023550,  0.999550]
						}, 
						{
							"keytime":  0.233333, 
							"rotation": [ 0.018558,  0.001060,  0.024086,  0.999537]
						}, 
						{
							"keytime":  0.250000, 
							"rotation": [ 0.018558,  0.001050,  0.024628,  0.999524], 
							"translation": [ 0.799748, -0.001227, -0.000046]
						}, 
						{
							"keytime":  0.266667, 
							"rotation": [ 0.018559,  0.001040,  0.025143,  0.999511]
						}, 
						{
							"keytime":  0.300000, 
							"rotation": [ 0.018560,  0.001022,  0.026151,  0.999485]
						}, 
						{
							"keytime":  0.316667, 
							"rotation": [ 0.018560,  0.001013,  0.026626,  0.999473]
						}, 
						{
							"keytime":  0.333333, 
							"rotation": [ 0.018561,  0.001004,  0.027084,  0.999460]
						}, 
						{
							"keytime":  0.350000, 
							"rotation": [ 0.018561,  0.000996,  0.027524,  0.999448]
						}, 
						{
							"keytime":  0.366667, 
							"rotation": [ 0.018561,  0.000988,  0.027958,  0.999436]
						}, 
						{
							"keytime":  0.383333, 
							"rotation": [ 0.018562,  0.000981,  0.028339,  0.999426], 
							"translation": [ 0.799756, -0.001226, -0.000046]
						}, 
						{
							"keytime":  0.400000, 
							"rotation": [ 0.018562,  0.000975,  0.028655,  0.999417], 
							"translation": [ 0.799759, -0.001226, -0.000046]
						}, 
						{
							"keytime":  0.416667, 
							"rotation": [ 0.018562,  0.000971,  0.028906,  0.999409]
						}, 
						{
							"keytime":  0.433333, 
							"rotation": [ 0.018563,  0.000968,  0.029067,  0.999405]
						}, 
						{
							"keytime":  0.450000, 
							"rotation": [ 0.018563,  0.000966,  0.029141,  0.999402]
						}, 
						{
							"keytime":  0.466667, 
							"rotation": [ 0.018563,  0.000967,  0.029116,  0.999403]
						}, 
						{
							"keytime":  0.483333, 
							"rotation": [ 0.018562,  0.000969,  0.028986,  0.999407]
						}, 
						{
							"keytime":  0.500000, 
							"rotation": [ 0.018562,  0.000974,  0.028744,  0.999414]
						}, 
						{
							"keytime":  0.516667, 
							"rotation": [ 0.018562,  0.000980,  0.028418,  0.999423]
						}, 
						{
							"keytime":  0.533333, 
							"rotation": [ 0.018562,  0.000986,  0.028076,  0.999433]
						}, 
						{
							"keytime":  0.550000, 
							"rotation": [ 0.018561,  0.000993,  0.027710,  0.999443]
						}, 
						{
							"keytime":  0.566667, 
							"rotation": [ 0.018561,  0.001000,  0.027311,  0.999454], 
							"translation": [ 0.799755, -0.001226, -0.000046]
						}, 
						{
							"keytime":  0.583333, 
							"rotation": [ 0.018560,  0.001008,  0.026904,  0.999465]
						}, 
						{
							"keytime":  0.600000, 
							"rotation": [ 0.018560,  0.001016,  0.026467,  0.999477]
						}, 
						{
							"keytime":  0.616667, 
							"rotation": [ 0.018560,  0.001024,  0.026027,  0.999488], 
							"translation": [ 0.799750, -0.001227, -0.000046]
						}, 
						{
							"keytime":  0.633333, 
							"rotation": [ 0.018559,  0.001032,  0.025574,  0.999500]
						}, 
						{
							"keytime":  0.650000, 
							"rotation": [ 0.018559,  0.001041,  0.025095,  0.999512]
						}, 
						{
							"keytime":  0.666667, 
							"rotation": [ 0.018558,  0.001050,  0.024622,  0.999524]
						}, 
						{
							"keytime":  0.683333, 
							"rotation": [ 0.018558,  0.001059,  0.024141,  0.999536], 
							"translation": [ 0.799747, -0.001227, -0.000046]
						}, 
						{
							"keytime":  0.700000, 
							"rotation": [ 0.018557,  0.001068,  0.023640,  0.999548], 
							"translation": [ 0.799745, -0.001227, -0.000046]
						}, 
						{
							"keytime":  0.733333, 
							"rotation": [ 0.018556,  0.001086,  0.022662,  0.999570]
						}, 
						{
							"keytime":  0.750000, 
							"rotation": [ 0.018555,  0.001096,  0.022158,  0.999582]
						}, 
						{
							"keytime":  0.766667, 
							"rotation": [ 0.018555,  0.001105,  0.021673,  0.999592], 
							"translation": [ 0.799742, -0.001227, -0.000046]
						}, 
						{
							"keytime":  0.783334, 
							"rotation": [ 0.018554,  0.001114,  0.021193,  0.999603]
						}, 
						{
							"keytime":  0.800000, 
							"rotation": [ 0.018554,  0.001123,  0.020705,  0.999613], 
							"translation": [ 0.799736, -0.001227, -0.000046]
						}, 
						{
							"keytime":  0.816667, 
							"rotation": [ 0.018553,  0.001131,  0.020242,  0.999622]
						}, 
						{
							"keytime":  0.850000, 
							"rotation": [ 0.018552,  0.001148,  0.019337,  0.999640], 
							"translation": [ 0.799736, -0.001227, -0.000046]
						}, 
						{
							"keytime":  0.866667, 
							"rotation": [ 0.018552,  0.001156,  0.018914,  0.999648]
						}, 
						{
							"keytime":  0.883334, 
							"rotation": [ 0.018551,  0.001164,  0.018508,  0.999656], 
							"translation": [ 0.799732, -0.001227, -0.000046]
						}, 
						{
							"keytime":  0.900000, 
							"rotation": [ 0.018551,  0.001171,  0.018110,  0.999663], 
							"translation": [ 0.799732, -0.001227, -0.000046]
						}, 
						{
							"keytime":  0.916667, 
							"rotation": [ 0.018550,  0.001178,  0.017745,  0.999670]
						}, 
						{
							"keytime":  0.933334, 
							"rotation": [ 0.018550,  0.001184,  0.017404,  0.999676], 
							"translation": [ 0.799728, -0.001227, -0.000046]
						}, 
						{
							"keytime":  0.950000, 
							"rotation": [ 0.018550,  0.001190,  0.017079,  0.999681], 
							"translation": [ 0.799729, -0.001227, -0.000046]
						}, 
						{
							"keytime":  0.966667, 
							"rotation": [ 0.018549,  0.001195,  0.016792,  0.999686], 
							"translation": [ 0.799726, -0.001227, -0.000046]
						}, 
						{
							"keytime":  0.983334, 
							"rotation": [ 0.018549,  0.001200,  0.016534,  0.999691], 
							"translation": [ 0.799728, -0.001227, -0.000046]
						}, 
						{
							"keytime":  1.000000, 
							"rotation": [ 0.018549,  0.001205,  0.016302,  0.999694], 
							"scale": [ 1.000000,  1.000000,  1.000000], 
							"translation": [ 0.799726, -0.001228, -0.000046]
						}
					]
				}, 
				{
					"boneId": "Bip001 Neck", 
					"keyframes": [
						{
							"keytime":  0.000000, 
							"rotation": [ 0.000000, -0.000000,  0.000000,  1.000000], 
							"scale": [ 1.000000,  1.000000,  1.000000], 
							"translation": [ 2.047666, -0.457580, -0.000001]
						}, 
						{
							"keytime":  0.083333, 
							"translation": [ 2.047663, -0.457580, -0.000001]
						}, 
						{
							"keytime":  0.116667, 
							"translation": [ 2.047665, -0.457580, -0.000001]
						}, 
						{
							"keytime":  0.150000, 
							"translation": [ 2.047662, -0.457580, -0.000001]
						}, 
						{
							"keytime":  0.233333, 
							"translation": [ 2.047666, -0.457580, -0.000001]
						}, 
						{
							"keytime":  0.266667, 
							"translation": [ 2.047662, -0.457580, -0.000001]
						}, 
						{
							"keytime":  0.366667, 
							"translation": [ 2.047664, -0.457580, -0.000001]
						}, 
						{
							"keytime":  0.383333, 
